Time,Prediction,DKPrice,fold,week,Date
2024-01-01 00:00:00,"218,13182410840838","212,160004",1,1,2024-01-01
2024-01-01 01:00:00,"218,13182410840838","198,740005",1,1,2024-01-01
2024-01-01 02:00:00,"218,13182410840838","182,490005",1,1,2024-01-01
2024-01-01 03:00:00,"215,64760619982764","178,990005",1,1,2024-01-01
2024-01-01 04:00:00,"226,7830257497253","118,379997",1,1,2024-01-01
2024-01-01 05:00:00,"282,4331383530167","118,309998",1,1,2024-01-01
2024-01-01 06:00:00,"332,89041328050183","164,300003",1,1,2024-01-01
2024-01-01 07:00:00,"398,91104229933455","189,5",1,1,2024-01-01
2024-01-01 08:00:00,"422,42530443718454","240,119995",1,1,2024-01-01
2024-01-01 09:00:00,"417,9182925156154","308,179993",1,1,2024-01-01
2024-01-01 10:00:00,"405,44180662964357","324,359985",1,1,2024-01-01
2024-01-01 11:00:00,"395,01073451504277","320,700012",1,1,2024-01-01
2024-01-01 12:00:00,"381,69150910148636","330,170013",1,1,2024-01-01
2024-01-01 13:00:00,"405,44180662964357","344,709991",1,1,2024-01-01
2024-01-01 14:00:00,"426,4131873911373","377,290009",1,1,2024-01-01
2024-01-01 15:00:00,"427,73913871671726","443,329987",1,1,2024-01-01
2024-01-01 16:00:00,"471,5929891893474","484,480011",1,1,2024-01-01
2024-01-01 17:00:00,"495,4300062325102","460,26001",1,1,2024-01-01
2024-01-01 18:00:00,"501,0278476431676","410,529999",1,1,2024-01-01
2024-01-01 19:00:00,"473,03673938067294","357,899994",1,1,2024-01-01
2024-01-01 20:00:00,"457,3865025064744","328,079987",1,1,2024-01-01
2024-01-01 21:00:00,"434,90426726231664","336,959991",1,1,2024-01-01
2024-01-01 22:00:00,"368,5770304663535","283,279999",1,1,2024-01-01
2024-01-01 23:00:00,"344,1775160928303","283,279999",1,1,2024-01-01
2024-01-02 00:00:00,"337,1781218255736","250,179993",1,1,2024-01-02
2024-01-02 01:00:00,"330,65428063229103","238,779999",1,1,2024-01-02
2024-01-02 02:00:00,"330,65428063229103","240,710007",1,1,2024-01-02
2024-01-02 03:00:00,"338,8133260995378","273,589996",1,1,2024-01-02
2024-01-02 04:00:00,"347,24317608830825","311,01001",1,1,2024-01-02
2024-01-02 05:00:00,"398,2236700175484","366,630005",1,1,2024-01-02
2024-01-02 06:00:00,"444,89023065371157","437,970001",1,1,2024-01-02
2024-01-02 07:00:00,"547,2868618784825","489,549988",1,1,2024-01-02
2024-01-02 08:00:00,"557,9554857874174","492,829987",1,1,2024-01-02
2024-01-02 09:00:00,"547,4995123374515","514,22998",1,1,2024-01-02
2024-01-02 10:00:00,"536,5642096063243","548,219971",1,1,2024-01-02
2024-01-02 11:00:00,"529,2578426985191","582,659973",1,1,2024-01-02
2024-01-02 12:00:00,"527,5619269501854","587,960022",1,1,2024-01-02
2024-01-02 13:00:00,"527,5619269501854","590,719971",1,1,2024-01-02
2024-01-02 14:00:00,"588,6770590645597","596,080017",1,1,2024-01-02
2024-01-02 15:00:00,"665,8613350595886","607,26001",1,1,2024-01-02
2024-01-02 16:00:00,"702,2317910122052","603,23999",1,1,2024-01-02
2024-01-02 17:00:00,"661,3384792059019","558,72998",1,1,2024-01-02
2024-01-02 18:00:00,"558,4334419017753","470,98999",1,1,2024-01-02
2024-01-02 19:00:00,"497,295271088014","425,73999",1,1,2024-01-02
2024-01-02 20:00:00,"431,5629298134672","358,130005",1,1,2024-01-02
2024-01-02 21:00:00,"366,3996936887957","298,190002",1,1,2024-01-02
2024-01-02 22:00:00,"332,99389610871873","223,639999",1,1,2024-01-02
2024-01-02 23:00:00,"322,7211003106794","149,100006",1,1,2024-01-02
2024-01-03 00:00:00,"299,22143625674244","118,309998",1,1,2024-01-03
2024-01-03 01:00:00,"299,22143625674244","118,389999",1,1,2024-01-03
2024-01-03 02:00:00,"293,78802332415194","118,389999",1,1,2024-01-03
2024-01-03 03:00:00,"274,7192331882701","118,830002",1,1,2024-01-03
2024-01-03 04:00:00,"290,72431389320235","149,399994",1,1,2024-01-03
2024-01-03 05:00:00,"332,39484786282844","368,579987",1,1,2024-01-03
2024-01-03 06:00:00,"442,01477007154557","399,070007",1,1,2024-01-03
2024-01-03 07:00:00,"622,2576911994132","473,25",1,1,2024-01-03
2024-01-03 08:00:00,"633,6108314026711","484,51001",1,1,2024-01-03
2024-01-03 09:00:00,"651,3661039882301","448,720001",1,1,2024-01-03
2024-01-03 10:00:00,"642,9639044730321","447,01001",1,1,2024-01-03
2024-01-03 11:00:00,"641,7683569026372","445,820007",1,1,2024-01-03
2024-01-03 12:00:00,"605,4889075110964","438,809998",1,1,2024-01-03
2024-01-03 13:00:00,"590,3940725101445","484,51001",1,1,2024-01-03
2024-01-03 14:00:00,"613,1599179828083","513,140015",1,1,2024-01-03
2024-01-03 15:00:00,"609,0164064010813","548,619995",1,1,2024-01-03
2024-01-03 16:00:00,"624,0266513640187","613,409973",1,1,2024-01-03
2024-01-03 17:00:00,"617,6608175612497","618,549988",1,1,2024-01-03
2024-01-03 18:00:00,"569,6890689958457","589,179993",1,1,2024-01-03
2024-01-03 19:00:00,"551,552089516121","545,940002",1,1,2024-01-03
2024-01-03 20:00:00,"493,5462225242236","502,549988",1,1,2024-01-03
2024-01-03 21:00:00,"452,32553090755005","484,579987",1,1,2024-01-03
2024-01-03 22:00:00,"423,5740672054831","433,290009",1,1,2024-01-03
2024-01-03 23:00:00,"371,71582640032426","437,850006",1,1,2024-01-03
2024-01-04 00:00:00,"348,8894325303159","399,73999",1,1,2024-01-04
2024-01-04 01:00:00,"333,75058217844145","406,0",1,1,2024-01-04
2024-01-04 02:00:00,"315,3077021738224","411,519989",1,1,2024-01-04
2024-01-04 03:00:00,"313,7839912553437","434,420013",1,1,2024-01-04
2024-01-04 04:00:00,"321,9234473399616","441,130005",1,1,2024-01-04
2024-01-04 05:00:00,"371,4060980335879","541,809998",1,1,2024-01-04
2024-01-04 06:00:00,"465,1298814158988","634,059998",1,1,2024-01-04
2024-01-04 07:00:00,"533,7064037602246","682,169983",1,1,2024-01-04
2024-01-04 08:00:00,"529,2578426985191","702,530029",1,1,2024-01-04
2024-01-04 09:00:00,"527,5619269501854","685,969971",1,1,2024-01-04
2024-01-04 10:00:00,"495,8279803592084","674,190002",1,1,2024-01-04
2024-01-04 11:00:00,"458,60427321734903","646,52002",1,1,2024-01-04
2024-01-04 12:00:00,"489,5814282529117","641,070007",1,1,2024-01-04
2024-01-04 13:00:00,"516,2769207700866","686,940002",1,1,2024-01-04
2024-01-04 14:00:00,"566,144971901469","735,48999",1,1,2024-01-04
2024-01-04 15:00:00,"578,6160262705805","788,51001",1,1,2024-01-04
2024-01-04 16:00:00,"585,7085944881272","993,599976",1,1,2024-01-04
2024-01-04 17:00:00,"554,2846846527817","1078,77002",1,1,2024-01-04
2024-01-04 18:00:00,"548,040672163826","932,22998",1,1,2024-01-04
2024-01-04 19:00:00,"501,0089771711745","772,549988",1,1,2024-01-04
2024-01-04 20:00:00,"459,6152377066506","745,859985",1,1,2024-01-04
2024-01-04 21:00:00,"446,29234796116106","707,450012",1,1,2024-01-04
2024-01-04 22:00:00,"373,56964435184136","662,47998",1,1,2024-01-04
2024-01-04 23:00:00,"337,5837592918989","662,570007",1,1,2024-01-04
2024-01-05 00:00:00,"305,91045168680216","619,76001",1,1,2024-01-05
2024-01-05 01:00:00,"290,56983310011185","596,710022",1,1,2024-01-05
2024-01-05 02:00:00,"254,10827621391252","597,97998",1,1,2024-01-05
2024-01-05 03:00:00,"252,9707541946034","615,280029",1,1,2024-01-05
2024-01-05 04:00:00,"271,4929463414913","657,419983",1,1,2024-01-05
2024-01-05 05:00:00,"311,5124492930159","818,909973",1,1,2024-01-05
2024-01-05 06:00:00,"380,6969339484312","1230,790039",1,1,2024-01-05
2024-01-05 07:00:00,"430,06854601052027","2230,280029",1,1,2024-01-05
2024-01-05 08:00:00,"418,92145139672976","1858,150024",1,1,2024-01-05
2024-01-05 09:00:00,"406,9846927581848","1908,430054",1,1,2024-01-05
2024-01-05 10:00:00,"391,31439831212094","1574,640015",1,1,2024-01-05
2024-01-05 11:00:00,"389,7590644108549","1516,23999",1,1,2024-01-05
2024-01-05 12:00:00,"374,8134131749616","1469,25",1,1,2024-01-05
2024-01-05 13:00:00,"382,95286925957953","1475,810059",1,1,2024-01-05
2024-01-05 14:00:00,"389,7590644108549","2237,209961",1,1,2024-01-05
2024-01-05 15:00:00,"403,11578965703484","3353,810059",1,1,2024-01-05
2024-01-05 16:00:00,"411,1484902371312","3925,22998",1,1,2024-01-05
2024-01-05 17:00:00,"393,9228618898013","2610,22998",1,1,2024-01-05
2024-01-05 18:00:00,"376,6914171873163","1356,839966",1,1,2024-01-05
2024-01-05 19:00:00,"346,3996711668786","1115,849976",1,1,2024-01-05
2024-01-05 20:00:00,"320,4928600579152","841,51001",1,1,2024-01-05
2024-01-05 21:00:00,"288,5633460152078","746,630005",1,1,2024-01-05
2024-01-05 22:00:00,"250,6762467685495","692,710022",1,1,2024-01-05
2024-01-05 23:00:00,"206,88856971442397","633,090027",1,1,2024-01-05
2024-01-06 00:00:00,"199,51448418710854","620,559998",1,1,2024-01-06
2024-01-06 01:00:00,"184,6607041897206","611,830017",1,1,2024-01-06
2024-01-06 02:00:00,"168,13562609634246","612,950012",1,1,2024-01-06
2024-01-06 03:00:00,"168,63330835099754","615,559998",1,1,2024-01-06
2024-01-06 04:00:00,"168,63330835099754","627,5",1,1,2024-01-06
2024-01-06 05:00:00,"172,27149998073597","630,109985",1,1,2024-01-06
2024-01-06 06:00:00,"177,44267580298404","652,109985",1,1,2024-01-06
2024-01-06 07:00:00,"200,91313216006836","677,77002",1,1,2024-01-06
2024-01-06 08:00:00,"254,6004710529612","708,419983",1,1,2024-01-06
2024-01-06 09:00:00,"261,91328962780483","748,929993",1,1,2024-01-06
2024-01-06 10:00:00,"261,91328962780483","773,090027",1,1,2024-01-06
2024-01-06 11:00:00,"261,91328962780483","763,25",1,1,2024-01-06
2024-01-06 12:00:00,"261,91328962780483","729,080017",1,1,2024-01-06
2024-01-06 13:00:00,"286,02609447134125","712,380005",1,1,2024-01-06
2024-01-06 14:00:00,"303,2302973748432","734,679993",1,1,2024-01-06
2024-01-06 15:00:00,"340,4920535762615","820,450012",1,1,2024-01-06
2024-01-06 16:00:00,"384,7039450963637","882,140015",1,1,2024-01-06
2024-01-06 17:00:00,"413,35975542939997","797,630005",1,1,2024-01-06
2024-01-06 18:00:00,"393,0467708045926","762,799988",1,1,2024-01-06
2024-01-06 19:00:00,"341,3497185120655","708,419983",1,1,2024-01-06
2024-01-06 20:00:00,"290,24791162052463","675,97998",1,1,2024-01-06
2024-01-06 21:00:00,"236,37617859332417","666,359985",1,1,2024-01-06
2024-01-06 22:00:00,"217,22744133101628","617,580017",1,1,2024-01-06
2024-01-06 23:00:00,"207,97005981908498","642,570007",1,1,2024-01-06
2024-01-07 00:00:00,"209,0012246131901","615,049988",1,1,2024-01-07
2024-01-07 01:00:00,"209,49890686784516","590,880005",1,1,2024-01-07
2024-01-07 02:00:00,"215,64760619982764","578,280029",1,1,2024-01-07
2024-01-07 03:00:00,"218,13182410840838","573,5",1,1,2024-01-07
2024-01-07 04:00:00,"218,13182410840838","577,460022",1,1,2024-01-07
2024-01-07 05:00:00,"227,61694129706837","585,140015",1,1,2024-01-07
2024-01-07 06:00:00,"222,70573552387302","599,460022",1,1,2024-01-07
2024-01-07 07:00:00,"248,79257330396055","628,099976",1,1,2024-01-07
2024-01-07 08:00:00,"249,77197173059014","653,159973",1,1,2024-01-07
2024-01-07 09:00:00,"249,77197173059014","669,419983",1,1,2024-01-07
2024-01-07 10:00:00,"246,1201353603183","686,130005",1,1,2024-01-07
2024-01-07 11:00:00,"243,63591745173755","682,469971",1,1,2024-01-07
2024-01-07 12:00:00,"242,26708836360828","652,789978",1,1,2024-01-07
2024-01-07 13:00:00,"242,26708836360828","650,630005",1,1,2024-01-07
2024-01-07 14:00:00,"242,26708836360828","676,059998",1,1,2024-01-07
2024-01-07 15:00:00,"238,39818526245838","717,609985",1,1,2024-01-07
2024-01-07 16:00:00,"246,17848609310505","777,719971",1,1,2024-01-07
2024-01-07 17:00:00,"243,6755195082001","791,299988",1,1,2024-01-07
2024-01-07 18:00:00,"215,91104505654639","772,349976",1,1,2024-01-07
2024-01-07 19:00:00,"202,28221756990595","749,599976",1,1,2024-01-07
2024-01-07 20:00:00,"195,73724942689776","695,97998",1,1,2024-01-07
2024-01-07 21:00:00,"184,6607041897206","680,01001",1,1,2024-01-07
2024-01-07 22:00:00,"171,7738177260809","625,48999",1,1,2024-01-07
2024-01-07 23:00:00,"172,27149998073597","649,059998",1,1,2024-01-07
2024-01-08 00:00:00,"487,13867975691414","628,919983",1,2,2024-01-08
2024-01-08 01:00:00,"362,71521308851345","610,27002",1,2,2024-01-08
2024-01-08 02:00:00,"237,16050848959938","590,059998",1,2,2024-01-08
2024-01-08 03:00:00,"201,58428958541947","585,359985",1,2,2024-01-08
2024-01-08 04:00:00,"193,51471952994098","612,359985",1,2,2024-01-08
2024-01-08 05:00:00,"204,43193366701365","703,359985",1,2,2024-01-08
2024-01-08 06:00:00,"246,96066080429594","829,559998",1,2,2024-01-08
2024-01-08 07:00:00,"293,3515800779574","903,330017",1,2,2024-01-08
2024-01-08 08:00:00,"297,21620219902167","900,48999",1,2,2024-01-08
2024-01-08 09:00:00,"312,00164175796584","849,549988",1,2,2024-01-08
2024-01-08 10:00:00,"295,9636675196587","787,200012",1,2,2024-01-08
2024-01-08 11:00:00,"293,479449611078","729,76001",1,2,2024-01-08
2024-01-08 12:00:00,"278,80981743421677","707,690002",1,2,2024-01-08
2024-01-08 13:00:00,"278,80981743421677","764,219971",1,2,2024-01-08
2024-01-08 14:00:00,"282,7977003881695","825,22998",1,2,2024-01-08
2024-01-08 15:00:00,"316,6869624572915","954,719971",1,2,2024-01-08
2024-01-08 16:00:00,"344,5614875182988","986,869995",1,2,2024-01-08
2024-01-08 17:00:00,"359,90210610498906","969,710022",1,2,2024-01-08
2024-01-08 18:00:00,"351,74306063774236","910,859985",1,2,2024-01-08
2024-01-08 19:00:00,"330,94211303150547","851,859985",1,2,2024-01-08
2024-01-08 20:00:00,"312,41992088461774","766,97998",1,2,2024-01-08
2024-01-08 21:00:00,"297,0793022979274","745,719971",1,2,2024-01-08
2024-01-08 22:00:00,"265,04472475850326","682,400024",1,2,2024-01-08
2024-01-08 23:00:00,"245,82695315050333","657,710022",1,2,2024-01-08
2024-01-09 00:00:00,"242,74520291845562","649,359985",1,2,2024-01-09
2024-01-09 01:00:00,"231,60978336855783","634,140015",1,2,2024-01-09
2024-01-09 02:00:00,"243,82972601438388","627,719971",1,2,2024-01-09
2024-01-09 03:00:00,"245,3543279268542","639,51001",1,2,2024-01-09
2024-01-09 04:00:00,"256,6414447132612","666,070007",1,2,2024-01-09
2024-01-09 05:00:00,"280,47065569832614","809,530029",1,2,2024-01-09
2024-01-09 06:00:00,"313,17770400852874","925,539978",1,2,2024-01-09
2024-01-09 07:00:00,"381,03191518970107","994,099976",1,2,2024-01-09
2024-01-09 08:00:00,"420,0881815101167","902,039978",1,2,2024-01-09
2024-01-09 09:00:00,"410,38669816783994","844,450012",1,2,2024-01-09
2024-01-09 10:00:00,"410,38669816783994","789,169983",1,2,2024-01-09
2024-01-09 11:00:00,"403,5805030165646","747,690002",1,2,2024-01-09
2024-01-09 12:00:00,"393,4795784845596","752,159973",1,2,2024-01-09
2024-01-09 13:00:00,"395,4410469319467","838,26001",1,2,2024-01-09
2024-01-09 14:00:00,"485,8644685574872","903,390015",1,2,2024-01-09
2024-01-09 15:00:00,"565,6212041628752","977,23999",1,2,2024-01-09
2024-01-09 16:00:00,"588,0005814758625","1029,170044",1,2,2024-01-09
2024-01-09 17:00:00,"569,2225324639604","1028,050049",1,2,2024-01-09
2024-01-09 18:00:00,"539,9151279995162","973,070007",1,2,2024-01-09
2024-01-09 19:00:00,"476,9396909634084","897,039978",1,2,2024-01-09
2024-01-09 20:00:00,"435,447044296365","833,179993",1,2,2024-01-09
2024-01-09 21:00:00,"355,7039658345995","792,150024",1,2,2024-01-09
2024-01-09 22:00:00,"300,86483224225066","724,340027",1,2,2024-01-09
2024-01-09 23:00:00,"273,6148290034322","665,900024",1,2,2024-01-09
2024-01-10 00:00:00,"264,2201585926168","647,039978",1,2,2024-01-10
2024-01-10 01:00:00,"264,2201585926168","646,809998",1,2,2024-01-10
2024-01-10 02:00:00,"258,6920301512038","642,039978",1,2,2024-01-10
2024-01-10 03:00:00,"258,6920301512038","643,599976",1,2,2024-01-10
2024-01-10 04:00:00,"279,43949090422103","664,109985",1,2,2024-01-10
2024-01-10 05:00:00,"311,1364190709386","812,0",1,2,2024-01-10
2024-01-10 06:00:00,"395,86656863873014","965,030029",1,2,2024-01-10
2024-01-10 07:00:00,"538,2512534774951","1066,459961",1,2,2024-01-10
2024-01-10 08:00:00,"583,664858629022","972,419983",1,2,2024-01-10
2024-01-10 09:00:00,"580,9054291729002","905,890015",1,2,2024-01-10
2024-01-10 10:00:00,"574,9903409849985","813,869995",1,2,2024-01-10
2024-01-10 11:00:00,"574,8036756425877","762,26001",1,2,2024-01-10
2024-01-10 12:00:00,"563,8683729114605","806,929993",1,2,2024-01-10
2024-01-10 13:00:00,"566,0914229946126","862,710022",1,2,2024-01-10
2024-01-10 14:00:00,"599,6834781848023","923,27002",1,2,2024-01-10
2024-01-10 15:00:00,"593,7635776555379","1004,109985",1,2,2024-01-10
2024-01-10 16:00:00,"613,7456725525104","1072,349976",1,2,2024-01-10
2024-01-10 17:00:00,"603,8020980378298","1044,089966",1,2,2024-01-10
2024-01-10 18:00:00,"592,5680300851429","985,539978",1,2,2024-01-10
2024-01-10 19:00:00,"539,2454355286757","894,929993",1,2,2024-01-10
2024-01-10 20:00:00,"486,058504576059","818,559998",1,2,2024-01-10
2024-01-10 21:00:00,"459,6152377066506","779,26001",1,2,2024-01-10
2024-01-10 22:00:00,"403,2981936318506","716,169983",1,2,2024-01-10
2024-01-10 23:00:00,"330,2043133596843","684,27002",1,2,2024-01-10
2024-01-11 00:00:00,"302,1161398063696","660,700012",1,2,2024-01-11
2024-01-11 01:00:00,"276,1322578438519","650,710022",1,2,2024-01-11
2024-01-11 02:00:00,"259,0259289895955","614,390015",1,2,2024-01-11
2024-01-11 03:00:00,"262,00782915283133","611,179993",1,2,2024-01-11
2024-01-11 04:00:00,"262,00782915283133","666,440002",1,2,2024-01-11
2024-01-11 05:00:00,"278,59672460884855","761,22998",1,2,2024-01-11
2024-01-11 06:00:00,"344,3830502533386","871,530029",1,2,2024-01-11
2024-01-11 07:00:00,"384,40419587097057","1051,569946",1,2,2024-01-11
2024-01-11 08:00:00,"407,91845800882066","963,27002",1,2,2024-01-11
2024-01-11 09:00:00,"395,1629114562055","847,590027",1,2,2024-01-11
2024-01-11 10:00:00,"373,2374286894207","794,119995",1,2,2024-01-11
2024-01-11 11:00:00,"348,78278372596645","741,169983",1,2,2024-01-11
2024-01-11 12:00:00,"340,76910944602423","738,340027",1,2,2024-01-11
2024-01-11 13:00:00,"350,71508604024353","790,390015",1,2,2024-01-11
2024-01-11 14:00:00,"355,7147606819175","879,73999",1,2,2024-01-11
2024-01-11 15:00:00,"386,03940014493475","1024,349976",1,2,2024-01-11
2024-01-11 16:00:00,"422,6084855565443","1119,359985",1,2,2024-01-11
2024-01-11 17:00:00,"405,30298683651625","1019,429993",1,2,2024-01-11
2024-01-11 18:00:00,"407,7712269955355","986,76001",1,2,2024-01-11
2024-01-11 19:00:00,"392,8255757596423","887,119995",1,2,2024-01-11
2024-01-11 20:00:00,"348,71917884179675","799,419983",1,2,2024-01-11
2024-01-11 21:00:00,"317,0458712366999","745,789978",1,2,2024-01-11
2024-01-11 22:00:00,"251,30018020020677","725,059998",1,2,2024-01-11
2024-01-11 23:00:00,"234,1463301147649","678,890015",1,2,2024-01-11
2024-01-12 00:00:00,"231,0645798827172","657,859985",1,2,2024-01-12
2024-01-12 01:00:00,"229,539977970247","635,48999",1,2,2024-01-12
2024-01-12 02:00:00,"229,539977970247","631,090027",1,2,2024-01-12
2024-01-12 03:00:00,"229,58749920143256","628,929993",1,2,2024-01-12
2024-01-12 04:00:00,"230,08518145608764","636,23999",1,2,2024-01-12
2024-01-12 05:00:00,"250,83264220910473","686,869995",1,2,2024-01-12
2024-01-12 06:00:00,"281,57502848191666","881,130005",1,2,2024-01-12
2024-01-12 07:00:00,"314,82597392200097","1049,51001",1,2,2024-01-12
2024-01-12 08:00:00,"307,922946393685","1006,409973",1,2,2024-01-12
2024-01-12 09:00:00,"298,66006051985954","909,840027",1,2,2024-01-12
2024-01-12 10:00:00,"288,8658107786486","855,549988",1,2,2024-01-12
2024-01-12 11:00:00,"267,7240777392539","797,76001",1,2,2024-01-12
2024-01-12 12:00:00,"267,7240777392539","768,679993",1,2,2024-01-12
2024-01-12 13:00:00,"269,90544018360526","779,559998",1,2,2024-01-12
2024-01-12 14:00:00,"271,71196069320666","820,280029",1,2,2024-01-12
2024-01-12 15:00:00,"305,5318583162328","894,849976",1,2,2024-01-12
2024-01-12 16:00:00,"339,62030482744035","950,780029",1,2,2024-01-12
2024-01-12 17:00:00,"338,0699937046471","939,590027",1,2,2024-01-12
2024-01-12 18:00:00,"326,15318758692433","890,900024",1,2,2024-01-12
2024-01-12 19:00:00,"284,62372576725073","811,26001",1,2,2024-01-12
2024-01-12 20:00:00,"252,12925709511848","734,369995",1,2,2024-01-12
2024-01-12 21:00:00,"245,1263409003977","696,27002",1,2,2024-01-12
2024-01-12 22:00:00,"228,59633972369792","634,969971",1,2,2024-01-12
2024-01-12 23:00:00,"214,81888723977033","564,030029",1,2,2024-01-12
2024-01-13 00:00:00,"211,1806956100319","558,140015",1,2,2024-01-13
2024-01-13 01:00:00,"211,1806956100319","549,200012",1,2,2024-01-13
2024-01-13 02:00:00,"211,1806956100319","532,190002",1,2,2024-01-13
2024-01-13 03:00:00,"209,2416811872918","538,679993",1,2,2024-01-13
2024-01-13 04:00:00,"203,09298185530932","414,230011",1,2,2024-01-13
2024-01-13 05:00:00,"193,51471952994098","340,179993",1,2,2024-01-13
2024-01-13 06:00:00,"187,97364105835865","381,790009",1,2,2024-01-13
2024-01-13 07:00:00,"202,56042306848667","500,799988",1,2,2024-01-13
2024-01-13 08:00:00,"272,9359978574383","546,659973",1,2,2024-01-13
2024-01-13 09:00:00,"280,4354817746927","537,039978",1,2,2024-01-13
2024-01-13 10:00:00,"275,45989098770065","529,289978",1,2,2024-01-13
2024-01-13 11:00:00,"280,4354817746927","521,609985",1,2,2024-01-13
2024-01-13 12:00:00,"280,4354817746927","474,779999",1,2,2024-01-13
2024-01-13 13:00:00,"297,0243772307098","506,390015",1,2,2024-01-13
2024-01-13 14:00:00,"355,41283590597476","511,609985",1,2,2024-01-13
2024-01-13 15:00:00,"409,51550143853757","527,789978",1,2,2024-01-13
2024-01-13 16:00:00,"461,09742337980987","553,450012",1,2,2024-01-13
2024-01-13 17:00:00,"488,51569850865206","565,299988",1,2,2024-01-13
2024-01-13 18:00:00,"462,18913771812305","550,460022",1,2,2024-01-13
2024-01-13 19:00:00,"432,25731751301595","544,799988",1,2,2024-01-13
2024-01-13 20:00:00,"346,7716559684289","528,909973",1,2,2024-01-13
2024-01-13 21:00:00,"306,6684983745616","467,98999",1,2,2024-01-13
2024-01-13 22:00:00,"275,05625252162724","459,709991",1,2,2024-01-13
2024-01-13 23:00:00,"239,38021028929742","477,420013",1,2,2024-01-13
2024-01-14 00:00:00,"236,15931594602435","463,179993",1,2,2024-01-14
2024-01-14 01:00:00,"236,65699820067942","469,290009",1,2,2024-01-14
2024-01-14 02:00:00,"214,0636995712737","477,350006",1,2,2024-01-14
2024-01-14 03:00:00,"212,5390976588035","482,269989",1,2,2024-01-14
2024-01-14 04:00:00,"235,1323962882092","486,220001",1,2,2024-01-14
2024-01-14 05:00:00,"236,55083977718576","501,950012",1,2,2024-01-14
2024-01-14 06:00:00,"255,07303192407363","534,390015",1,2,2024-01-14
2024-01-14 07:00:00,"293,11804577538675","572,280029",1,2,2024-01-14
2024-01-14 08:00:00,"284,111762568833","605,090027",1,2,2024-01-14
2024-01-14 09:00:00,"284,2179209923267","601,289978",1,2,2024-01-14
2024-01-14 10:00:00,"280,56608462205486","610,309998",1,2,2024-01-14
2024-01-14 11:00:00,"272,1362346332844","599,5",1,2,2024-01-14
2024-01-14 12:00:00,"272,1362346332844","574,52002",1,2,2024-01-14
2024-01-14 13:00:00,"272,1362346332844","590,25",1,2,2024-01-14
2024-01-14 14:00:00,"272,1362346332844","613,890015",1,2,2024-01-14
2024-01-14 15:00:00,"280,56608462205486","645,960022",1,2,2024-01-14
2024-01-14 16:00:00,"268,26733153213445","685,030029",1,2,2024-01-14
2024-01-14 17:00:00,"260,1082860648877","705,76001",1,2,2024-01-14
2024-01-14 18:00:00,"241,5860939179998","635,809998",1,2,2024-01-14
2024-01-14 19:00:00,"213,51849608543307","589,580017",1,2,2024-01-14
2024-01-14 20:00:00,"207,21402392910966","586,150024",1,2,2024-01-14
2024-01-14 21:00:00,"207,21402392910966","562,210022",1,2,2024-01-14
2024-01-14 22:00:00,"202,3297388010915","498,820007",1,2,2024-01-14
2024-01-14 23:00:00,"193,51471952994098","519,409973",1,2,2024-01-14
2024-01-15 00:00:00,"398,8241453295298","492,559998",1,3,2024-01-15
2024-01-15 01:00:00,"289,12177112246775","479,579987",1,3,2024-01-15
2024-01-15 02:00:00,"207,4337732002646","462,649994",1,3,2024-01-15
2024-01-15 03:00:00,"202,82742105574658","474,059998",1,3,2024-01-15
2024-01-15 04:00:00,"196,2824529127384","526,27002",1,3,2024-01-15
2024-01-15 05:00:00,"192,90544741756236","596,219971",1,3,2024-01-15
2024-01-15 06:00:00,"252,6760592304853","625,22998",1,3,2024-01-15
2024-01-15 07:00:00,"284,0873181449645","740,52002",1,3,2024-01-15
2024-01-15 08:00:00,"280,4354817746927","747,900024",1,3,2024-01-15
2024-01-15 09:00:00,"275,45989098770065","707,549988",1,3,2024-01-15
2024-01-15 10:00:00,"269,1483649882857","673,099976",1,3,2024-01-15
2024-01-15 11:00:00,"269,1483649882857","625,369995",1,3,2024-01-15
2024-01-15 12:00:00,"269,1483649882857","612,619995",1,3,2024-01-15
2024-01-15 13:00:00,"269,1483649882857","630,150024",1,3,2024-01-15
2024-01-15 14:00:00,"280,5832346872587","666,98999",1,3,2024-01-15
2024-01-15 15:00:00,"292,9487471615926","745,140015",1,3,2024-01-15
2024-01-15 16:00:00,"323,02935854538293","813,450012",1,3,2024-01-15
2024-01-15 17:00:00,"351,6271520922321","861,849976",1,3,2024-01-15
2024-01-15 18:00:00,"335,57765113984345","825,22998",1,3,2024-01-15
2024-01-15 19:00:00,"338,26812261369713","769,22998",1,3,2024-01-15
2024-01-15 20:00:00,"325,96652224451344","693,159973",1,3,2024-01-15
2024-01-15 21:00:00,"319,6549962450985","667,359985",1,3,2024-01-15
2024-01-15 22:00:00,"290,6173543312974","644,539978",1,3,2024-01-15
2024-01-15 23:00:00,"255,43899435362272","612,98999",1,3,2024-01-15
2024-01-16 00:00:00,"255,43899435362272","607,099976",1,3,2024-01-16
2024-01-16 01:00:00,"234,69153360060554","597,179993",1,3,2024-01-16
2024-01-16 02:00:00,"231,60978336855783","583,679993",1,3,2024-01-16
2024-01-16 03:00:00,"250,83264220910473","578,679993",1,3,2024-01-16
2024-01-16 04:00:00,"273,96118650051056","622,390015",1,3,2024-01-16
2024-01-16 05:00:00,"294,01725705822196","917,359985",1,3,2024-01-16
2024-01-16 06:00:00,"324,0428230219442","1442,560059",1,3,2024-01-16
2024-01-16 07:00:00,"375,18365381357137","2055,399902",1,3,2024-01-16
2024-01-16 08:00:00,"426,0569926139038","2017,890015",1,3,2024-01-16
2024-01-16 09:00:00,"425,7138191577586","1864,030029",1,3,2024-01-16
2024-01-16 10:00:00,"424,0955241665167","1495,73999",1,3,2024-01-16
2024-01-16 11:00:00,"424,0955241665167","1268,189941",1,3,2024-01-16
2024-01-16 12:00:00,"408,4252297204529","1058,839966",1,3,2024-01-16
2024-01-16 13:00:00,"408,4252297204529","1070,849976",1,3,2024-01-16
2024-01-16 14:00:00,"479,838657861419","1164,670044",1,3,2024-01-16
2024-01-16 15:00:00,"552,2176612727286","1268,48999",1,3,2024-01-16
2024-01-16 16:00:00,"550,5653641686333","1273,930054",1,3,2024-01-16
2024-01-16 17:00:00,"537,4486989931547","992,539978",1,3,2024-01-16
2024-01-16 18:00:00,"480,9779334646288","833,599976",1,3,2024-01-16
2024-01-16 19:00:00,"409,78262467919757","712,179993",1,3,2024-01-16
2024-01-16 20:00:00,"346,3745065597548","642,969971",1,3,2024-01-16
2024-01-16 21:00:00,"313,4833688181421","611,869995",1,3,2024-01-16
2024-01-16 22:00:00,"298,14275023145177","579,429993",1,3,2024-01-16
2024-01-16 23:00:00,"300,755206922142","521,210022",1,3,2024-01-16
2024-01-17 00:00:00,"274,234666383159","517,26001",1,3,2024-01-17
2024-01-17 01:00:00,"262,51422923030754","510,619995",1,3,2024-01-17
2024-01-17 02:00:00,"255,16587624727705","503,839996",1,3,2024-01-17
2024-01-17 03:00:00,"256,38370638379314","501,970001",1,3,2024-01-17
2024-01-17 04:00:00,"276,8208385811209","501,75",1,3,2024-01-17
2024-01-17 05:00:00,"294,0452366551706","526,880005",1,3,2024-01-17
2024-01-17 06:00:00,"374,2523268171394","596,159973",1,3,2024-01-17
2024-01-17 07:00:00,"521,1568081071554","715,929993",1,3,2024-01-17
2024-01-17 08:00:00,"579,8567264560451","767,159973",1,3,2024-01-17
2024-01-17 09:00:00,"589,1985249397495","797,289978",1,3,2024-01-17
2024-01-17 10:00:00,"582,2956134127116","828,539978",1,3,2024-01-17
2024-01-17 11:00:00,"582,2956134127116","877,840027",1,3,2024-01-17
2024-01-17 12:00:00,"556,2117649854266","907,590027",1,3,2024-01-17
2024-01-17 13:00:00,"553,601265867764","907,890015",1,3,2024-01-17
2024-01-17 14:00:00,"602,0220479123152","935,630005",1,3,2024-01-17
2024-01-17 15:00:00,"614,4049975391976","958,75",1,3,2024-01-17
2024-01-17 16:00:00,"631,1522434201547","1047,939941",1,3,2024-01-17
2024-01-17 17:00:00,"609,2209243418296","921,690002",1,3,2024-01-17
2024-01-17 18:00:00,"583,8285014555327","852,26001",1,3,2024-01-17
2024-01-17 19:00:00,"524,4963667293184","818,849976",1,3,2024-01-17
2024-01-17 20:00:00,"484,36258882772523","753,890015",1,3,2024-01-17
2024-01-17 21:00:00,"452,80904255537524","703,099976",1,3,2024-01-17
2024-01-17 22:00:00,"384,53473024629477","627,710022",1,3,2024-01-17
2024-01-17 23:00:00,"341,99981349972677","606,580017",1,3,2024-01-17
2024-01-18 00:00:00,"314,0694971540488","575,780029",1,3,2024-01-18
2024-01-18 01:00:00,"290,56983310011185","561,530029",1,3,2024-01-18
2024-01-18 02:00:00,"273,4159830146699","558,700012",1,3,2024-01-18
2024-01-18 03:00:00,"273,46350424585546","578,539978",1,3,2024-01-18
2024-01-18 04:00:00,"282,1202319677573","604,119995",1,3,2024-01-18
2024-01-18 05:00:00,"299,01116167724086","681,97998",1,3,2024-01-18
2024-01-18 06:00:00,"368,9163462709951","831,969971",1,3,2024-01-18
2024-01-18 07:00:00,"413,0996952803592","938,919983",1,3,2024-01-18
2024-01-18 08:00:00,"406,11193749921927","911,179993",1,3,2024-01-18
2024-01-18 09:00:00,"401,96910660748085","827,119995",1,3,2024-01-18
2024-01-18 10:00:00,"383,87579466979855","805,119995",1,3,2024-01-18
2024-01-18 11:00:00,"369,3285187510208","697,719971",1,3,2024-01-18
2024-01-18 12:00:00,"359,6198460317028","653,48999",1,3,2024-01-18
2024-01-18 13:00:00,"353,53339823756613","644,619995",1,3,2024-01-18
2024-01-18 14:00:00,"390,40566852186925","702,940002",1,3,2024-01-18
2024-01-18 15:00:00,"425,2070474461264","742,25",1,3,2024-01-18
2024-01-18 16:00:00,"425,2004913985521","780,72998",1,3,2024-01-18
2024-01-18 17:00:00,"423,5821964073102","770,140015",1,3,2024-01-18
2024-01-18 18:00:00,"387,55591282476263","705,030029",1,3,2024-01-18
2024-01-18 19:00:00,"374,2187929852292","648,650024",1,3,2024-01-18
2024-01-18 20:00:00,"326,9485307697578","605,090027",1,3,2024-01-18
2024-01-18 21:00:00,"295,3813815881546","577,48999",1,3,2024-01-18
2024-01-18 22:00:00,"256,3473950323285","532,0",1,3,2024-01-18
2024-01-18 23:00:00,"247,26099551303298","510,089996",1,3,2024-01-18
2024-01-19 00:00:00,"208,73862584157996","487,269989",1,3,2024-01-19
2024-01-19 01:00:00,"202,28221756990595","477,649994",1,3,2024-01-19
2024-01-19 02:00:00,"195,78477065808332","468,029999",1,3,2024-01-19
2024-01-19 03:00:00,"187,97364105835865","472,209991",1,3,2024-01-19
2024-01-19 04:00:00,"192,90544741756236","491,079987",1,3,2024-01-19
2024-01-19 05:00:00,"238,80080843770912","564,830017",1,3,2024-01-19
2024-01-19 06:00:00,"274,9649047486827","666,549988",1,3,2024-01-19
2024-01-19 07:00:00,"307,51756557857243","777,590027",1,3,2024-01-19
2024-01-19 08:00:00,"306,1810144282098","770,359985",1,3,2024-01-19
2024-01-19 09:00:00,"297,7199347074967","714,799988",1,3,2024-01-19
2024-01-19 10:00:00,"288,3771382456064","645,52002",1,3,2024-01-19
2024-01-19 11:00:00,"272,1362346332844","587,049988",1,3,2024-01-19
2024-01-19 12:00:00,"263,97718916603765","560,429993",1,3,2024-01-19
2024-01-19 13:00:00,"263,97718916603765","573,549988",1,3,2024-01-19
2024-01-19 14:00:00,"272,1362346332844","648,429993",1,3,2024-01-19
2024-01-19 15:00:00,"294,1983401650159","780,049988",1,3,2024-01-19
2024-01-19 16:00:00,"300,5853890561678","855,890015",1,3,2024-01-19
2024-01-19 17:00:00,"309,27815942089666","809,059998",1,3,2024-01-19
2024-01-19 18:00:00,"280,2274283438753","634,630005",1,3,2024-01-19
2024-01-19 19:00:00,"254,9512033211108","565,429993",1,3,2024-01-19
2024-01-19 20:00:00,"236,42901117422295","544,469971",1,3,2024-01-19
2024-01-19 21:00:00,"215,9251381350175","527,169983",1,3,2024-01-19
2024-01-19 22:00:00,"202,28221756990595","497,339996",1,3,2024-01-19
2024-01-19 23:00:00,"202,93032571782095","504,279999",1,3,2024-01-19
2024-01-20 00:00:00,"193,0170372752859","484,809998",1,3,2024-01-20
2024-01-20 01:00:00,"184,70822542090616","485,480011",1,3,2024-01-20
2024-01-20 02:00:00,"168,13562609634246","472,359985",1,3,2024-01-20
2024-01-20 03:00:00,"168,63330835099754","472,579987",1,3,2024-01-20
2024-01-20 04:00:00,"172,27149998073597","460,5",1,3,2024-01-20
2024-01-20 05:00:00,"174,66404895184928","480,640015",1,3,2024-01-20
2024-01-20 06:00:00,"177,4317823346467","511,209991",1,3,2024-01-20
2024-01-20 07:00:00,"190,1236976283165","557,969971",1,3,2024-01-20
2024-01-20 08:00:00,"264,6271860030585","588,02002",1,3,2024-01-20
2024-01-20 09:00:00,"275,45989098770065","548,650024",1,3,2024-01-20
2024-01-20 10:00:00,"275,45989098770065","540,73999",1,3,2024-01-20
2024-01-20 11:00:00,"269,1483649882857","520,159973",1,3,2024-01-20
2024-01-20 12:00:00,"256,9376988408128","527,919983",1,3,2024-01-20
2024-01-20 13:00:00,"288,5945272419393","547,309998",1,3,2024-01-20
2024-01-20 14:00:00,"338,2589858205328","589,960022",1,3,2024-01-20
2024-01-20 15:00:00,"415,2427052416543","671,549988",1,3,2024-01-20
2024-01-20 16:00:00,"472,9611330796815","725,390015",1,3,2024-01-20
2024-01-20 17:00:00,"501,1041681127431","754,030029",1,3,2024-01-20
2024-01-20 18:00:00,"462,18913771812305","682,880005",1,3,2024-01-20
2024-01-20 19:00:00,"433,1856913038709","596,599976",1,3,2024-01-20
2024-01-20 20:00:00,"348,8732613612797","547,309998",1,3,2024-01-20
2024-01-20 21:00:00,"305,63733358045647","525,159973",1,3,2024-01-20
2024-01-20 22:00:00,"285,32112420677424","499,579987",1,3,2024-01-20
2024-01-20 23:00:00,"249,1543546206071","445,26001",1,3,2024-01-20
2024-01-21 00:00:00,"246,57028664321444","429,230011",1,3,2024-01-21
2024-01-21 01:00:00,"236,65699820067942","411,329987",1,3,2024-01-21
2024-01-21 02:00:00,"236,65699820067942","379,549988",1,3,2024-01-21
2024-01-21 03:00:00,"214,0636995712737","361,799988",1,3,2024-01-21
2024-01-21 04:00:00,"235,1323962882092","353,899994",1,3,2024-01-21
2024-01-21 05:00:00,"236,65699820067942","339,579987",1,3,2024-01-21
2024-01-21 06:00:00,"255,17919034756724","327,869995",1,3,2024-01-21
2024-01-21 07:00:00,"276,3332744893969","383,059998",1,3,2024-01-21
2024-01-21 08:00:00,"275,78807100355624","405,429993",1,3,2024-01-21
2024-01-21 09:00:00,"267,6290255363095","343,529999",1,3,2024-01-21
2024-01-21 10:00:00,"272,1362346332844","363,0",1,3,2024-01-21
2024-01-21 11:00:00,"263,97718916603765","287,0",1,3,2024-01-21
2024-01-21 12:00:00,"263,97718916603765","281,100006",1,3,2024-01-21
2024-01-21 13:00:00,"263,97718916603765","330,399994",1,3,2024-01-21
2024-01-21 14:00:00,"272,1362346332844","365,76001",1,3,2024-01-21
2024-01-21 15:00:00,"280,56608462205486","371,649994",1,3,2024-01-21
2024-01-21 16:00:00,"268,26733153213445","422,51001",1,3,2024-01-21
2024-01-21 17:00:00,"260,1082860648877","458,309998",1,3,2024-01-21
2024-01-21 18:00:00,"241,5860939179998","437,359985",1,3,2024-01-21
2024-01-21 19:00:00,"215,91104505654639","384,100006",1,3,2024-01-21
2024-01-21 20:00:00,"207,21402392910966","391,26001",1,3,2024-01-21
2024-01-21 21:00:00,"202,28221756990595","375,829987",1,3,2024-01-21
2024-01-21 22:00:00,"195,78477065808332","216,520004",1,3,2024-01-21
2024-01-21 23:00:00,"197,8869295008937","203,610001",1,3,2024-01-21
2024-01-22 00:00:00,"203,0616047572148","165,869995",1,4,2024-01-22
2024-01-22 01:00:00,"196,2824529127384","138,869995",1,4,2024-01-22
2024-01-22 02:00:00,"187,97364105835865","37,59",1,4,2024-01-22
2024-01-22 03:00:00,"187,97364105835865","37,740002",1,4,2024-01-22
2024-01-22 04:00:00,"187,97364105835865","149,169998",1,4,2024-01-22
2024-01-22 05:00:00,"214,14361027007047","302,059998",1,4,2024-01-22
2024-01-22 06:00:00,"272,50543001486534","451,01001",1,4,2024-01-22
2024-01-22 07:00:00,"304,5923757772519","495,829987",1,4,2024-01-22
2024-01-22 08:00:00,"307,6633173778213","429,450012",1,4,2024-01-22
2024-01-22 09:00:00,"305,74837732738126","459,059998",1,4,2024-01-22
2024-01-22 10:00:00,"305,74837732738126","451,970001",1,4,2024-01-22
2024-01-22 11:00:00,"297,5893318601346","424,529999",1,4,2024-01-22
2024-01-22 12:00:00,"297,5893318601346","423,040009",1,4,2024-01-22
2024-01-22 13:00:00,"297,5893318601346","434,299988",1,4,2024-01-22
2024-01-22 14:00:00,"305,74837732738126","445,48999",1,4,2024-01-22
2024-01-22 15:00:00,"326,52423948119235","447,429993",1,4,2024-01-22
2024-01-22 16:00:00,"366,7366620202333","461,299988",1,4,2024-01-22
2024-01-22 17:00:00,"373,73605628749","455,179993",1,4,2024-01-22
2024-01-22 18:00:00,"368,792242659909","447,720001",1,4,2024-01-22
2024-01-22 19:00:00,"332,17172814827535","444,519989",1,4,2024-01-22
2024-01-22 20:00:00,"317,2200928129216","425,119995",1,4,2024-01-22
2024-01-22 21:00:00,"291,3278797878714","194,440002",1,4,2024-01-22
2024-01-22 22:00:00,"269,1984389154374","171,770004",1,4,2024-01-22
2024-01-22 23:00:00,"254,82321269751023","118,129997",1,4,2024-01-22
2024-01-23 00:00:00,"247,3024732260885","75,330002",1,4,2024-01-23
2024-01-23 01:00:00,"219,23487539352172","69,879997",1,4,2024-01-23
2024-01-23 02:00:00,"217,71027348105144","31,1",1,4,2024-01-23
2024-01-23 03:00:00,"246,6150981098721","76,220001",1,4,2024-01-23
2024-01-23 04:00:00,"271,63748295622236","161,320007",1,4,2024-01-23
2024-01-23 05:00:00,"282,87827865551674","191,889999",1,4,2024-01-23
2024-01-23 06:00:00,"326,8185025598233","454,410004",1,4,2024-01-23
2024-01-23 07:00:00,"415,931871581473","461,649994",1,4,2024-01-23
2024-01-23 08:00:00,"426,9132436421171","455,76001",1,4,2024-01-23
2024-01-23 09:00:00,"420,15784417372504","447,25",1,4,2024-01-23
2024-01-23 10:00:00,"414,56723147707646","443,299988",1,4,2024-01-23
2024-01-23 11:00:00,"414,56723147707646","310,100006",1,4,2024-01-23
2024-01-23 12:00:00,"406,9846927581848","199,570007",1,4,2024-01-23
2024-01-23 13:00:00,"406,9846927581848","320,019989",1,4,2024-01-23
2024-01-23 14:00:00,"492,4492166700763","468,059998",1,4,2024-01-23
2024-01-23 15:00:00,"573,1131419329992","494,390015",1,4,2024-01-23
2024-01-23 16:00:00,"592,3275353725073","510,570007",1,4,2024-01-23
2024-01-23 17:00:00,"561,034215356683","498,040009",1,4,2024-01-23
2024-01-23 18:00:00,"498,85060498928004","472,390015",1,4,2024-01-23
2024-01-23 19:00:00,"409,78262467919757","450,910004",1,4,2024-01-23
2024-01-23 20:00:00,"349,50876397931216","391,170013",1,4,2024-01-23
2024-01-23 21:00:00,"316,8042915801103","304,429993",1,4,2024-01-23
2024-01-23 22:00:00,"302,47978003280576","248,050003",1,4,2024-01-23
2024-01-23 23:00:00,"302,1724647179268","213,350006",1,4,2024-01-23
2024-01-24 00:00:00,"278,63048691122856","187,699997",1,4,2024-01-24
2024-01-24 01:00:00,"262,51422923030754","153,910004",1,4,2024-01-24
2024-01-24 02:00:00,"256,38370638379314","140,339996",1,4,2024-01-24
2024-01-24 03:00:00,"256,19704104138225","133,110001",1,4,2024-01-24
2024-01-24 04:00:00,"276,8208385811209","145,789993",1,4,2024-01-24
2024-01-24 05:00:00,"294,0452366551706","190,160004",1,4,2024-01-24
2024-01-24 06:00:00,"386,9079071248347","288,809998",1,4,2024-01-24
2024-01-24 07:00:00,"517,231792857561","373,380005",1,4,2024-01-24
2024-01-24 08:00:00,"579,8567264560451","369,429993",1,4,2024-01-24
2024-01-24 09:00:00,"600,5097500586013","373,600006",1,4,2024-01-24
2024-01-24 10:00:00,"582,2956134127116","378,519989",1,4,2024-01-24
2024-01-24 11:00:00,"582,2956134127116","293,359985",1,4,2024-01-24
2024-01-24 12:00:00,"556,2117649854266","278,450012",1,4,2024-01-24
2024-01-24 13:00:00,"560,5041773948019","335,869995",1,4,2024-01-24
2024-01-24 14:00:00,"581,6818198621694","372,480011",1,4,2024-01-24
2024-01-24 15:00:00,"590,3940725101445","378,820007",1,4,2024-01-24
2024-01-24 16:00:00,"604,7910379543035","404,25",1,4,2024-01-24
2024-01-24 17:00:00,"582,0251924816397","397,609985",1,4,2024-01-24
2024-01-24 18:00:00,"558,4550010431589","373,529999",1,4,2024-01-24
2024-01-24 19:00:00,"508,2952913235807","314,540009",1,4,2024-01-24
2024-01-24 20:00:00,"447,1226155089234","298,579987",1,4,2024-01-24
2024-01-24 21:00:00,"401,473561761132","313,269989",1,4,2024-01-24
2024-01-24 22:00:00,"357,26484431629143","287,320007",1,4,2024-01-24
2024-01-24 23:00:00,"325,1734693851719","326,899994",1,4,2024-01-24
2024-01-25 00:00:00,"306,79910122192376","327,869995",1,4,2024-01-25
2024-01-25 01:00:00,"283,0286326464631","318,839996",1,4,2024-01-25
2024-01-25 02:00:00,"257,7157370937744","326,970001",1,4,2024-01-25
2024-01-25 03:00:00,"266,4199860468618","336,369995",1,4,2024-01-25
2024-01-25 04:00:00,"274,8498360356323","380,359985",1,4,2024-01-25
2024-01-25 05:00:00,"304,7695972545197","442,850006",1,4,2024-01-25
2024-01-25 06:00:00,"370,86089454774725","492,51001",1,4,2024-01-25
2024-01-25 07:00:00,"423,72794015924376","663,789978",1,4,2024-01-25
2024-01-25 08:00:00,"416,48217152751636","635,679993",1,4,2024-01-25
2024-01-25 09:00:00,"414,56723147707646","606,599976",1,4,2024-01-25
2024-01-25 10:00:00,"390,40145183900097","568,340027",1,4,2024-01-25
2024-01-25 11:00:00,"383,8705271507429","545,450012",1,4,2024-01-25
2024-01-25 12:00:00,"379,114335052594","566,630005",1,4,2024-01-25
2024-01-25 13:00:00,"405,67286616293575","633,659973",1,4,2024-01-25
2024-01-25 14:00:00,"455,87504546532153","686,530029",1,4,2024-01-25
2024-01-25 15:00:00,"484,34895921280014","755,950012",1,4,2024-01-25
2024-01-25 16:00:00,"525,35380883748","920,0",1,4,2024-01-25
2024-01-25 17:00:00,"497,9377897022811","861,539978",1,4,2024-01-25
2024-01-25 18:00:00,"471,5721435899644","736,640015",1,4,2024-01-25
2024-01-25 19:00:00,"446,29234796116106","679,070007",1,4,2024-01-25
2024-01-25 20:00:00,"390,951375080368","643,580017",1,4,2024-01-25
2024-01-25 21:00:00,"357,6398298496103","599,73999",1,4,2024-01-25
2024-01-25 22:00:00,"305,07741580174707","560,440002",1,4,2024-01-25
2024-01-25 23:00:00,"276,4636951610519","468,200012",1,4,2024-01-25
2024-01-26 00:00:00,"234,1463301147649","462,23999",1,4,2024-01-26
2024-01-26 01:00:00,"231,0645798827172","436,070007",1,4,2024-01-26
2024-01-26 02:00:00,"228,75446331637747","420,109985",1,4,2024-01-26
2024-01-26 03:00:00,"227,61694129706837","415,269989",1,4,2024-01-26
2024-01-26 04:00:00,"218,13182410840838","388,869995",1,4,2024-01-26
2024-01-26 05:00:00,"253,54843001160344","432,040009",1,4,2024-01-26
2024-01-26 06:00:00,"301,2561135063092","469,470001",1,4,2024-01-26
2024-01-26 07:00:00,"350,90418368631447","484,149994",1,4,2024-01-26
2024-01-26 08:00:00,"354,4630163347375","475,660004",1,4,2024-01-26
2024-01-26 09:00:00,"340,0120342507047","456,420013",1,4,2024-01-26
2024-01-26 10:00:00,"321,5216330149001","437,929993",1,4,2024-01-26
2024-01-26 11:00:00,"289,29008471872635","389,769989",1,4,2024-01-26
2024-01-26 12:00:00,"272,1362346332844","346,450012",1,4,2024-01-26
2024-01-26 13:00:00,"272,1362346332844","367,399994",1,4,2024-01-26
2024-01-26 14:00:00,"285,7372604443028","364,640015",1,4,2024-01-26
2024-01-26 15:00:00,"318,8046823649794","383,809998",1,4,2024-01-26
2024-01-26 16:00:00,"339,1979206397842","427,720001",1,4,2024-01-26
2024-01-26 17:00:00,"334,29768786481606","404,01001",1,4,2024-01-26
2024-01-26 18:00:00,"314,82754384180834","249,830002",1,4,2024-01-26
2024-01-26 19:00:00,"277,27622922880084","205,619995",1,4,2024-01-26
2024-01-26 20:00:00,"254,9512033211108","192,050003",1,4,2024-01-26
2024-01-26 21:00:00,"252,88730378287795","181,839996",1,4,2024-01-26
2024-01-26 22:00:00,"211,8203760736277","163,869995",1,4,2024-01-26
2024-01-26 23:00:00,"209,42777262964358","144,039993",1,4,2024-01-26
2024-01-27 00:00:00,"201,90703315822185","136,130005",1,4,2024-01-27
2024-01-27 01:00:00,"189,33132441436192","131,440002",1,4,2024-01-27
2024-01-27 02:00:00,"181,07003379116773","134,339996",1,4,2024-01-27
2024-01-27 03:00:00,"168,63330835099754","137,850006",1,4,2024-01-27
2024-01-27 04:00:00,"171,02585732211085","140,460007",1,4,2024-01-27
2024-01-27 05:00:00,"174,66404895184928","144,710007",1,4,2024-01-27
2024-01-27 06:00:00,"172,27149998073597","154,399994",1,4,2024-01-27
2024-01-27 07:00:00,"209,7944226907208","215,080002",1,4,2024-01-27
2024-01-27 08:00:00,"268,0380109356108","237,820007",1,4,2024-01-27
2024-01-27 09:00:00,"287,5147188567449","341,600006",1,4,2024-01-27
2024-01-27 10:00:00,"280,5832346872587","422,040009",1,4,2024-01-27
2024-01-27 11:00:00,"280,4354817746927","416,299988",1,4,2024-01-27
2024-01-27 12:00:00,"280,4354817746927","242,220001",1,4,2024-01-27
2024-01-27 13:00:00,"280,4354817746927","296,570007",1,4,2024-01-27
2024-01-27 14:00:00,"334,4565595372689","432,029999",1,4,2024-01-27
2024-01-27 15:00:00,"399,57241079559054","439,339996",1,4,2024-01-27
2024-01-27 16:00:00,"445,5946248534117","460,359985",1,4,2024-01-27
2024-01-27 17:00:00,"469,51116729796985","457,079987",1,4,2024-01-27
2024-01-27 18:00:00,"450,1001835667759","443,070007",1,4,2024-01-27
2024-01-27 19:00:00,"411,4986929852652","433,970001",1,4,2024-01-27
2024-01-27 20:00:00,"350,6620632889231","431,290009",1,4,2024-01-27
2024-01-27 21:00:00,"319,17542102623713","430,390015",1,4,2024-01-27
2024-01-27 22:00:00,"272,80766336973613","429,5",1,4,2024-01-27
2024-01-27 23:00:00,"228,48740078650715","497,75",1,4,2024-01-27
2024-01-28 00:00:00,"216,17364382815663","438,339996",1,4,2024-01-28
2024-01-28 01:00:00,"218,13182410840838","434,309998",1,4,2024-01-28
2024-01-28 02:00:00,"218,13182410840838","430,290009",1,4,2024-01-28
2024-01-28 03:00:00,"222,70573552387302","431,399994",1,4,2024-01-28
2024-01-28 04:00:00,"227,61694129706837","429,609985",1,4,2024-01-28
2024-01-28 05:00:00,"229,25214557103254","430,290009",1,4,2024-01-28
2024-01-28 06:00:00,"269,35483435599264","439,679993",1,4,2024-01-28
2024-01-28 07:00:00,"286,5362861755852","441,320007",1,4,2024-01-28
2024-01-28 08:00:00,"276,9990013374427","410,609985",1,4,2024-01-28
2024-01-28 09:00:00,"271,37591410952575","381,380005",1,4,2024-01-28
2024-01-28 10:00:00,"262,958084269424","341,049988",1,4,2024-01-28
2024-01-28 11:00:00,"262,958084269424","309,970001",1,4,2024-01-28
2024-01-28 12:00:00,"262,958084269424","298,859985",1,4,2024-01-28
2024-01-28 13:00:00,"265,2398598306732","377,579987",1,4,2024-01-28
2024-01-28 14:00:00,"267,7240777392539","420,519989",1,4,2024-01-28
2024-01-28 15:00:00,"275,88312320650067","431,850006",1,4,2024-01-28
2024-01-28 16:00:00,"263,85517463810396","431,329987",1,4,2024-01-28
2024-01-28 17:00:00,"260,002127641394","427,380005",1,4,2024-01-28
2024-01-28 18:00:00,"241,5860939179998","422,01001",1,4,2024-01-28
2024-01-28 19:00:00,"213,51849608543307","217,75",1,4,2024-01-28
2024-01-28 20:00:00,"207,21402392910966","122,029999",1,4,2024-01-28
2024-01-28 21:00:00,"202,28221756990595","74,550003",1,4,2024-01-28
2024-01-28 22:00:00,"199,6885230873845","51,59",1,4,2024-01-28
2024-01-28 23:00:00,"201,79068193019486","111,82",1,4,2024-01-28
2024-04-01 00:00:00,"274,18539653999443","343,549988",2,1,2024-04-01
2024-04-01 01:00:00,"234,69153360060554","325,049988",2,1,2024-04-01
2024-04-01 02:00:00,"231,60978336855783","368,459991",2,1,2024-04-01
2024-04-01 03:00:00,"230,08518145608764","390,459991",2,1,2024-04-01
2024-04-01 04:00:00,"234,50123566391548","437,899994",2,1,2024-04-01
2024-04-01 05:00:00,"260,65817863124425","481,01001",2,1,2024-04-01
2024-04-01 06:00:00,"307,98517255018913","437,899994",2,1,2024-04-01
2024-04-01 07:00:00,"319,90733354000446","454,160004",2,1,2024-04-01
2024-04-01 08:00:00,"316,2554971697326","405,450012",2,1,2024-04-01
2024-04-01 09:00:00,"315,4224612846775","226,669998",2,1,2024-04-01
2024-04-01 10:00:00,"309,7993740567606","134,550003",2,1,2024-04-01
2024-04-01 11:00:00,"313,78725701071335","149,550003",2,1,2024-04-01
2024-04-01 12:00:00,"309,7993740567606","74,809998",2,1,2024-04-01
2024-04-01 13:00:00,"309,7993740567606","33,34",2,1,2024-04-01
2024-04-01 14:00:00,"309,27662459556694","30,73",2,1,2024-04-01
2024-04-01 15:00:00,"323,4614807588817","98,080002",2,1,2024-04-01
2024-04-01 16:00:00,"375,43096762802634","258,149994",2,1,2024-04-01
2024-04-01 17:00:00,"418,27373130651944","361,970001",2,1,2024-04-01
2024-04-01 18:00:00,"380,5339363496672","372,040009",2,1,2024-04-01
2024-04-01 19:00:00,"360,14718047758305","340,790009",2,1,2024-04-01
2024-04-01 20:00:00,"330,1090771464504","193,699997",2,1,2024-04-01
2024-04-01 21:00:00,"330,94211303150547","55,720001",2,1,2024-04-01
2024-04-01 22:00:00,"328,6948421812592","59,450001",2,1,2024-04-01
2024-04-01 23:00:00,"303,4849367834807","9,55",2,1,2024-04-01
2024-04-02 00:00:00,"262,9808032359453","4,55",2,1,2024-04-02
2024-04-02 01:00:00,"233,85849771555044","6,49",2,1,2024-04-02
2024-04-02 02:00:00,"233,18439454188965","14,47",2,1,2024-04-02
2024-04-02 03:00:00,"251,4476373863261","54,220001",2,1,2024-04-02
2024-04-02 04:00:00,"272,2839442849574","426,790009",2,1,2024-04-02
2024-04-02 05:00:00,"284,6325216308052","554,630005",2,1,2024-04-02
2024-04-02 06:00:00,"323,0017222210919","501,820007",2,1,2024-04-02
2024-04-02 07:00:00,"381,5607713548874","349,220001",2,1,2024-04-02
2024-04-02 08:00:00,"422,9857936454108","285,589996",2,1,2024-04-02
2024-04-02 09:00:00,"416,9599829493427","293,130005",2,1,2024-04-02
2024-04-02 10:00:00,"416,71051704623005","292,980011",2,1,2024-04-02
2024-04-02 11:00:00,"409,37744423045103","286,190002",2,1,2024-04-02
2024-04-02 12:00:00,"391,31439831212094","248,970001",2,1,2024-04-02
2024-04-02 13:00:00,"391,462151224687","187,210007",2,1,2024-04-02
2024-04-02 14:00:00,"482,49595597730166","65,860001",2,1,2024-04-02
2024-04-02 15:00:00,"559,1650810499029","307,299988",2,1,2024-04-02
2024-04-02 16:00:00,"588,0871760956876","542,25",2,1,2024-04-02
2024-04-02 17:00:00,"575,5049446785646","711,48999",2,1,2024-04-02
2024-04-02 18:00:00,"532,9803385841485","707,679993",2,1,2024-04-02
2024-04-02 19:00:00,"474,4714508043891","582,75",2,1,2024-04-02
2024-04-02 20:00:00,"432,79213879493483","558,359985",2,1,2024-04-02
2024-04-02 21:00:00,"366,8467120492728","528,669983",2,1,2024-04-02
2024-04-02 22:00:00,"337,38123476044126","552,840027",2,1,2024-04-02
2024-04-02 23:00:00,"316,65152361270776","535,090027",2,1,2024-04-02
2024-04-03 00:00:00,"299,6532292720567","522,419983",2,1,2024-04-03
2024-04-03 01:00:00,"298,49175624175564","482,220001",2,1,2024-04-03
2024-04-03 02:00:00,"289,2138950574484","483,929993",2,1,2024-04-03
2024-04-03 03:00:00,"278,18908088171776","512,570007",2,1,2024-04-03
2024-04-03 04:00:00,"314,19764858866813","707,820007",2,1,2024-04-03
2024-04-03 05:00:00,"355,87397547407085","879,48999",2,1,2024-04-03
2024-04-03 06:00:00,"446,63734969508346","879,48999",2,1,2024-04-03
2024-04-03 07:00:00,"566,0830033230678","753,080017",2,1,2024-04-03
2024-04-03 08:00:00,"596,5453846784465","800,590027",2,1,2024-04-03
2024-04-03 09:00:00,"614,418985531904","677,23999",2,1,2024-04-03
2024-04-03 10:00:00,"604,4163544778233","611,76001",2,1,2024-04-03
2024-04-03 11:00:00,"588,276080565219","573,349976",2,1,2024-04-03
2024-04-03 12:00:00,"568,2939856682465","544,710022",2,1,2024-04-03
2024-04-03 13:00:00,"594,4368906349315","531,890015",2,1,2024-04-03
2024-04-03 14:00:00,"615,6944436903638","558,289978",2,1,2024-04-03
2024-04-03 15:00:00,"624,6634119184537","672,840027",2,1,2024-04-03
2024-04-03 16:00:00,"647,3795106779421","806,47998",2,1,2024-04-03
2024-04-03 17:00:00,"627,0246831316372","897,539978",2,1,2024-04-03
2024-04-03 18:00:00,"577,1379325856191","739,359985",2,1,2024-04-03
2024-04-03 19:00:00,"517,0075439715558","557,169983",2,1,2024-04-03
2024-04-03 20:00:00,"455,40956608600237","458,579987",2,1,2024-04-03
2024-04-03 21:00:00,"422,01873330421705","412,640015",2,1,2024-04-03
2024-04-03 22:00:00,"350,20707097499826","406,619995",2,1,2024-04-03
2024-04-03 23:00:00,"308,2825396756884","387,899994",2,1,2024-04-03
2024-04-04 00:00:00,"285,4211816175764","374,179993",2,1,2024-04-04
2024-04-04 01:00:00,"260,1082860648877","384,619995",2,1,2024-04-04
2024-04-04 02:00:00,"257,7157370937744","387,380005",2,1,2024-04-04
2024-04-04 03:00:00,"258,26094057961507","403,339996",2,1,2024-04-04
2024-04-04 04:00:00,"268,96028793054114","454,200012",2,1,2024-04-04
2024-04-04 05:00:00,"306,43727118894316","576,219971",2,1,2024-04-04
2024-04-04 06:00:00,"376,7911812796508","561,830017",2,1,2024-04-04
2024-04-04 07:00:00,"437,6760473028425","535,419983",2,1,2024-04-04
2024-04-04 08:00:00,"417,6394010535447","515,880005",2,1,2024-04-04
2024-04-04 09:00:00,"401,0561601343609","470,309998",2,1,2024-04-04
2024-04-04 10:00:00,"396,08056934736885","433,170013",2,1,2024-04-04
2024-04-04 11:00:00,"383,87579466979855","419,299988",2,1,2024-04-04
2024-04-04 12:00:00,"377,0476603754161","413,850006",2,1,2024-04-04
2024-04-04 13:00:00,"388,18307992531396","418,929993",2,1,2024-04-04
2024-04-04 14:00:00,"416,24357370518163","425,709991",2,1,2024-04-04
2024-04-04 15:00:00,"420,290280484859","515,210022",2,1,2024-04-04
2024-04-04 16:00:00,"453,53304210902905","562,049988",2,1,2024-04-04
2024-04-04 17:00:00,"460,5268738224042","676,159973",2,1,2024-04-04
2024-04-04 18:00:00,"444,93871272501457","600,97998",2,1,2024-04-04
2024-04-04 19:00:00,"405,4322900178552","533,47998",2,1,2024-04-04
2024-04-04 20:00:00,"335,48453918202193","520,280029",2,1,2024-04-04
2024-04-04 21:00:00,"303,5404270554014","430,109985",2,1,2024-04-04
2024-04-04 22:00:00,"266,2606834748636","348,920013",2,1,2024-04-04
2024-04-04 23:00:00,"249,10683338942155","360,029999",2,1,2024-04-04
2024-04-05 00:00:00,"211,13117481269327","354,440002",2,1,2024-04-05
2024-04-05 01:00:00,"204,67476654101927","347,049988",2,1,2024-04-05
2024-04-05 02:00:00,"195,78477065808332","353,320007",2,1,2024-04-05
2024-04-05 03:00:00,"187,97364105835865","352,720001",2,1,2024-04-05
2024-04-05 04:00:00,"203,04015724753341","555,380005",2,1,2024-04-05
2024-04-05 05:00:00,"258,2855793992596","613,26001",2,1,2024-04-05
2024-04-05 06:00:00,"300,4137722402088","604,159973",2,1,2024-04-05
2024-04-05 07:00:00,"356,9555271725901","496,679993",2,1,2024-04-05
2024-04-05 08:00:00,"355,2663431914228","376,660004",2,1,2024-04-05
2024-04-05 09:00:00,"326,53693755934773","339,670013",2,1,2024-04-05
2024-04-05 10:00:00,"315,8944953942833","331,390015",2,1,2024-04-05
2024-04-05 11:00:00,"292,12402681882264","298,570007",2,1,2024-04-05
2024-04-05 12:00:00,"266,81113126613394","276,48999",2,1,2024-04-05
2024-04-05 13:00:00,"265,2398598306732","231,520004",2,1,2024-04-05
2024-04-05 14:00:00,"277,20125203203867","205,929993",2,1,2024-04-05
2024-04-05 15:00:00,"300,50986616443083","298,269989",2,1,2024-04-05
2024-04-05 16:00:00,"334,9273676563162","370,320007",2,1,2024-04-05
2024-04-05 17:00:00,"336,94876082945","398,299988",2,1,2024-04-05
2024-04-05 18:00:00,"312,4311673683405","402,170013",2,1,2024-04-05
2024-04-05 19:00:00,"272,10505340655277","398,299988",2,1,2024-04-05
2024-04-05 20:00:00,"254,9512033211108","393,299988",2,1,2024-04-05
2024-04-05 21:00:00,"225,3184143664801","370,100006",2,1,2024-04-05
2024-04-05 22:00:00,"212,195506012441","313,649994",2,1,2024-04-05
2024-04-05 23:00:00,"209,42777262964358","326,549988",2,1,2024-04-05
2024-04-06 00:00:00,"201,90703315822185","328,190002",2,1,2024-04-06
2024-04-06 01:00:00,"191,72387338547523","334,679993",2,1,2024-04-06
2024-04-06 02:00:00,"193,89021893524873","354,369995",2,1,2024-04-06
2024-04-06 03:00:00,"199,26466806959786","359,890015",2,1,2024-04-06
2024-04-06 04:00:00,"210,42359917075802","372,5",2,1,2024-04-06
2024-04-06 05:00:00,"225,277379168146","382,339996",2,1,2024-04-06
2024-04-06 06:00:00,"232,0329955048962","374,660004",2,1,2024-04-06
2024-04-06 07:00:00,"244,69786286377885","359,890015",2,1,2024-04-06
2024-04-06 08:00:00,"292,07421045146646","291,790009",2,1,2024-04-06
2024-04-06 09:00:00,"290,46947507372823","298,279999",2,1,2024-04-06
2024-04-06 10:00:00,"294,457358027681","295,0",2,1,2024-04-06
2024-04-06 11:00:00,"289,48176724068895","282,23999",2,1,2024-04-06
2024-04-06 12:00:00,"295,1559606835142","260,459991",2,1,2024-04-06
2024-04-06 13:00:00,"315,7823706264168","292,459991",2,1,2024-04-06
2024-04-06 14:00:00,"362,49053600547865","297,380005",2,1,2024-04-06
2024-04-06 15:00:00,"416,47071949161057","345,200012",2,1,2024-04-06
2024-04-06 16:00:00,"477,8070741542013","393,079987",2,1,2024-04-06
2024-04-06 17:00:00,"510,87157889572234","435,369995",2,1,2024-04-06
2024-04-06 18:00:00,"476,9951586026293","360,109985",2,1,2024-04-06
2024-04-06 19:00:00,"447,728471443945","335,799988",2,1,2024-04-06
2024-04-06 20:00:00,"364,59846090161665","297,309998",2,1,2024-04-06
2024-04-06 21:00:00,"322,4727672483971","188,410004",2,1,2024-04-06
2024-04-06 22:00:00,"287,2972223094185","84,279999",2,1,2024-04-06
2024-04-06 23:00:00,"255,2692709805857","0,75",2,1,2024-04-06
2024-04-07 00:00:00,"234,19385134595046","0,0",2,1,2024-04-07
2024-04-07 01:00:00,"231,60978336855783","0,0",2,1,2024-04-07
2024-04-07 02:00:00,"230,08518145608764","0,0",2,1,2024-04-07
2024-04-07 03:00:00,"230,08518145608764","0,0",2,1,2024-04-07
2024-04-07 04:00:00,"234,50123566391548","0,0",2,1,2024-04-07
2024-04-07 05:00:00,"252,49853766078206","0,0",2,1,2024-04-07
2024-04-07 06:00:00,"268,17422902215014","0,0",2,1,2024-04-07
2024-04-07 07:00:00,"276,3332744893969","-0,07",2,1,2024-04-07
2024-04-07 08:00:00,"277,0507416681918","-1,19",2,1,2024-04-07
2024-04-07 09:00:00,"274,3557572677684","-22,450001",2,1,2024-04-07
2024-04-07 10:00:00,"269,960185735694","-29,76",2,1,2024-04-07
2024-04-07 11:00:00,"261,8011402684472","-48,849998",2,1,2024-04-07
2024-04-07 12:00:00,"261,8011402684472","-74,589996",2,1,2024-04-07
2024-04-07 13:00:00,"261,8011402684472","-37,59",2,1,2024-04-07
2024-04-07 14:00:00,"271,22285640032953","-1,19",2,1,2024-04-07
2024-04-07 15:00:00,"278,95805968733345","51,610001",2,1,2024-04-07
2024-04-07 16:00:00,"282,3392463194727","682,159973",2,1,2024-04-07
2024-04-07 17:00:00,"274,18020085222594","808,440002",2,1,2024-04-07
2024-04-07 18:00:00,"254,89379086778206","793,599976",2,1,2024-04-07
2024-04-07 19:00:00,"234,1463301147649","670,900024",2,1,2024-04-07
2024-04-07 20:00:00,"231,0645798827172","577,73999",2,1,2024-04-07
2024-04-07 21:00:00,"229,539977970247","494,730011",2,1,2024-04-07
2024-04-07 22:00:00,"234,0035534092604","527,849976",2,1,2024-04-07
2024-04-07 23:00:00,"236,02583757638567","494,359985",2,1,2024-04-07
2024-04-08 00:00:00,"380,41216511228856","292,079987",2,2,2024-04-08
2024-04-08 01:00:00,"299,4026988784584","312,290009",2,2,2024-04-08
2024-04-08 02:00:00,"231,25910909780507","328,480011",2,2,2024-04-08
2024-04-08 03:00:00,"220,5243730795217","494,799988",2,2,2024-04-08
2024-04-08 04:00:00,"233,66819977886038","760,700012",2,2,2024-04-08
2024-04-08 05:00:00,"258,189938472225","1117,150024",2,2,2024-04-08
2024-04-08 06:00:00,"307,98517255018913","958,580017",2,2,2024-04-08
2024-04-08 07:00:00,"317,2123491395811","637,789978",2,2,2024-04-08
2024-04-08 08:00:00,"314,0794482721422","601,159973",2,2,2024-04-08
2024-04-08 09:00:00,"314,0794482721422","531,280029",2,2,2024-04-08
2024-04-08 10:00:00,"314,0794482721422","482,570007",2,2,2024-04-08
2024-04-08 11:00:00,"314,0794482721422","447,519989",2,2,2024-04-08
2024-04-08 12:00:00,"314,0794482721422","431,779999",2,2,2024-04-08
2024-04-08 13:00:00,"315,34255069661265","472,880005",2,2,2024-04-08
2024-04-08 14:00:00,"316,2554971697326","522,099976",2,2,2024-04-08
2024-04-08 15:00:00,"330,44035333304737","559,469971",2,2,2024-04-08
2024-04-08 16:00:00,"395,2662408803016","782,409973",2,2,2024-04-08
2024-04-08 17:00:00,"420,7419714655387","1024,069946",2,2,2024-04-08
2024-04-08 18:00:00,"383,0021765086865","930,830017",2,2,2024-04-08
2024-04-08 19:00:00,"362,6154206366023","632,859985",2,2,2024-04-08
2024-04-08 20:00:00,"330,94211303150547","574,309998",2,2,2024-04-08
2024-04-08 21:00:00,"330,94211303150547","523,52002",2,2,2024-04-08
2024-04-08 22:00:00,"328,6948421812592","583,330017",2,2,2024-04-08
2024-04-08 23:00:00,"303,4849367834807","517,549988",2,2,2024-04-08
2024-04-09 00:00:00,"262,9808032359453","482,790009",2,2,2024-04-09
2024-04-09 01:00:00,"233,85849771555044","440,200012",2,2,2024-04-09
2024-04-09 02:00:00,"240,27696275943634","453,779999",2,2,2024-04-09
2024-04-09 03:00:00,"263,6335485208522","488,390015",2,2,2024-04-09
2024-04-09 04:00:00,"296,5534586502251","631,070007",2,2,2024-04-09
2024-04-09 05:00:00,"315,95788236026016","670,900024",2,2,2024-04-09
2024-04-09 06:00:00,"352,3656145031598","595,039978",2,2,2024-04-09
2024-04-09 07:00:00,"396,92196878448016","509,420013",2,2,2024-04-09
2024-04-09 08:00:00,"419,6800957000246","376,51001",2,2,2024-04-09
2024-04-09 09:00:00,"416,04703647622273","336,160004",2,2,2024-04-09
2024-04-09 10:00:00,"421,9194752689263","279,920013",2,2,2024-04-09
2024-04-09 11:00:00,"421,9194752689263","224,059998",2,2,2024-04-09
2024-04-09 12:00:00,"406,6792473622778","200,860001",2,2,2024-04-09
2024-04-09 13:00:00,"406,6792473622778","221,970001",2,2,2024-04-09
2024-04-09 14:00:00,"482,49595597730166","296,850006",2,2,2024-04-09
2024-04-09 15:00:00,"556,867367954459","360,769989",2,2,2024-04-09
2024-04-09 16:00:00,"589,893696605289","479,730011",2,2,2024-04-09
2024-04-09 17:00:00,"576,3379805636198","595,119995",2,2,2024-04-09
2024-04-09 18:00:00,"532,9803385841485","447,140015",2,2,2024-04-09
2024-04-09 19:00:00,"464,98633361572917","359,649994",2,2,2024-04-09
2024-04-09 20:00:00,"403,3890433065764","335,640015",2,2,2024-04-09
2024-04-09 21:00:00,"342,82152030286534","257,619995",2,2,2024-04-09
2024-04-09 22:00:00,"309,37444204114445","68,550003",2,2,2024-04-09
2024-04-09 23:00:00,"282,23301477525416","30,58",2,2,2024-04-09
2024-04-10 00:00:00,"258,9756830141752","11,64",2,2,2024-04-10
2024-04-10 01:00:00,"269,01764884704903","9,55",2,2,2024-04-10
2024-04-10 02:00:00,"255,16587624727705","1,27",2,2,2024-04-10
2024-04-10 03:00:00,"256,38370638379314","11,49",2,2,2024-04-10
2024-04-10 04:00:00,"286,73412702365596","23,049999",2,2,2024-04-10
2024-04-10 05:00:00,"308,4585020250608","101,290001",2,2,2024-04-10
2024-04-10 06:00:00,"405,8194422724716","145,0",2,2,2024-04-10
2024-04-10 07:00:00,"521,1568081071554","116,660004",2,2,2024-04-10
2024-04-10 08:00:00,"556,5895124565889","95,019997",2,2,2024-04-10
2024-04-10 09:00:00,"577,2011531892907","45,5",2,2,2024-04-10
2024-04-10 10:00:00,"577,7473918857576","11,86",2,2,2024-04-10
2024-04-10 11:00:00,"571,645638355445","2,69",2,2,2024-04-10
2024-04-10 12:00:00,"551,6635434584725","0,0",2,2,2024-04-10
2024-04-10 13:00:00,"555,9559558678478","0,07",2,2,2024-04-10
2024-04-10 14:00:00,"577,1335983352153","11,86",2,2,2024-04-10
2024-04-10 15:00:00,"587,1089534076608","122,169998",2,2,2024-04-10
2024-04-10 16:00:00,"613,1599179828083","616,469971",2,2,2024-04-10
2024-04-10 17:00:00,"624,4435179214894","1084,949951",2,2,2024-04-10
2024-04-10 18:00:00,"615,140824871094","1052,430054",2,2,2024-04-10
2024-04-10 19:00:00,"549,2839559109675","722,380005",2,2,2024-04-10
2024-04-10 20:00:00,"492,5318355988092","392,029999",2,2,2024-04-10
2024-04-10 21:00:00,"458,7822018215955","352,200012",2,2,2024-04-10
2024-04-10 22:00:00,"402,42720719544246","303,440002",2,2,2024-04-10
2024-04-10 23:00:00,"341,1667776146717","198,940002",2,2,2024-04-10
2024-04-11 00:00:00,"311,60125699502953","165,589996",2,2,2024-04-11
2024-04-11 01:00:00,"281,0090247235459","74,519997",2,2,2024-04-11
2024-04-11 02:00:00,"257,7157370937744","11,71",2,2,2024-04-11
2024-04-11 03:00:00,"258,26094057961507","11,64",2,2,2024-04-11
2024-04-11 04:00:00,"276,3332744893969","19,469999",2,2,2024-04-11
2024-04-11 05:00:00,"306,54342961243685","297,399994",2,2,2024-04-11
2024-04-11 06:00:00,"365,1038885442185","309,929993",2,2,2024-04-11
2024-04-11 07:00:00,"419,39091035788977","223,770004",2,2,2024-04-11
2024-04-11 08:00:00,"406,9846927581848","74,959999",2,2,2024-04-11
2024-04-11 09:00:00,"391,31439831212094","6,41",2,2,2024-04-11
2024-04-11 10:00:00,"384,78347362386285","6,79",2,2,2024-04-11
2024-04-11 11:00:00,"371,6657524731726","8,21",2,2,2024-04-11
2024-04-11 12:00:00,"367,3337724192387","4,25",2,2,2024-04-11
2024-04-11 13:00:00,"372,50494824148666","96,07",2,2,2024-04-11
2024-04-11 14:00:00,"409,59164069008443","64,75",2,2,2024-04-11
2024-04-11 15:00:00,"414,56723147707646","347,070007",2,2,2024-04-11
2024-04-11 16:00:00,"442,77023844830364","711,75",2,2,2024-04-11
2024-04-11 17:00:00,"426,9132436421171","1002,210022",2,2,2024-04-11
2024-04-11 18:00:00,"389,3604352614109","893,609985",2,2,2024-04-11
2024-04-11 19:00:00,"376,6914171873163","679,159973",2,2,2024-04-11
2024-04-11 20:00:00,"335,48453918202193","541,159973",2,2,2024-04-11
2024-04-11 21:00:00,"303,5404270554014","451,059998",2,2,2024-04-11
2024-04-11 22:00:00,"266,1545250513699","339,720001",2,2,2024-04-11
2024-04-11 23:00:00,"250,36950405405713","325,029999",2,2,2024-04-11
2024-04-12 00:00:00,"224,58552173819896","331,73999",2,2,2024-04-12
2024-04-12 01:00:00,"219,97916959368106","304,51001",2,2,2024-04-12
2024-04-12 02:00:00,"222,20805326921794","298,399994",2,2,2024-04-12
2024-04-12 03:00:00,"222,70573552387302","298,399994",2,2,2024-04-12
2024-04-12 04:00:00,"232,0329955048962","308,019989",2,2,2024-04-12
2024-04-12 05:00:00,"268,8393673633187","362,619995",2,2,2024-04-12
2024-04-12 06:00:00,"293,94167137767533","516,75",2,2,2024-04-12
2024-04-12 07:00:00,"321,96854766260526","489,290009",2,2,2024-04-12
2024-04-12 08:00:00,"324,6714156640144","314,51001",2,2,2024-04-12
2024-04-12 09:00:00,"320,6086865417801","186,050003",2,2,2024-04-12
2024-04-12 10:00:00,"297,7199347074967","149,869995",2,2,2024-04-12
2024-04-12 11:00:00,"289,29008471872635","37,150002",2,2,2024-04-12
2024-04-12 12:00:00,"263,97718916603765","6,04",2,2,2024-04-12
2024-04-12 13:00:00,"263,97718916603765","3,21",2,2,2024-04-12
2024-04-12 14:00:00,"277,30741045553236","128,460007",2,2,2024-04-12
2024-04-12 15:00:00,"300,50986616443083","293,920013",2,2,2024-04-12
2024-04-12 16:00:00,"334,9273676563162","351,51001",2,2,2024-04-12
2024-04-12 17:00:00,"336,94876082945","351,730011",2,2,2024-04-12
2024-04-12 18:00:00,"312,4311673683405","352,029999",2,2,2024-04-12
2024-04-12 19:00:00,"272,10505340655277","351,429993",2,2,2024-04-12
2024-04-12 20:00:00,"254,9512033211108","342,329987",2,2,2024-04-12
2024-04-12 21:00:00,"229,6672188277736","329,200012",2,2,2024-04-12
2024-04-12 22:00:00,"227,4999090651028","175,020004",2,2,2024-04-12
2024-04-12 23:00:00,"224,73217568230538","193,369995",2,2,2024-04-12
2024-04-13 00:00:00,"217,21143621088365","144,429993",2,2,2024-04-13
2024-04-13 01:00:00,"213,57324458114522","130,779999",2,2,2024-04-13
2024-04-13 02:00:00,"213,62076581233077","130,259995",2,2,2024-04-13
2024-04-13 03:00:00,"211,72589909587253","173,899994",2,2,2024-04-13
2024-04-13 04:00:00,"230,22647499529475","207,619995",2,2,2024-04-13
2024-04-13 05:00:00,"225,277379168146","251,630005",2,2,2024-04-13
2024-04-13 06:00:00,"225,56089464236268","168,600006",2,2,2024-04-13
2024-04-13 07:00:00,"228,5760999830957","65,650002",2,2,2024-04-13
2024-04-13 08:00:00,"273,6530807325842","-0,15",2,2,2024-04-13
2024-04-13 09:00:00,"278,25943287710226","-30,139999",2,2,2024-04-13
2024-04-13 10:00:00,"278,25943287710226","-59,830002",2,2,2024-04-13
2024-04-13 11:00:00,"273,2838420901102","-150,699997",2,2,2024-04-13
2024-04-13 12:00:00,"278,25943287710226","-218,729996",2,2,2024-04-13
2024-04-13 13:00:00,"286,4184783443489","-235,740005",2,2,2024-04-13
2024-04-13 14:00:00,"326,83441063343116","-75,120003",2,2,2024-04-13
2024-04-13 15:00:00,"416,019123556432","14,92",2,2,2024-04-13
2024-04-13 16:00:00,"477,8070741542013","213,740005",2,2,2024-04-13
2024-04-13 17:00:00,"516,4946661236393","392,859985",2,2,2024-04-13
2024-04-13 18:00:00,"498,92879444791726","298,630005",2,2,2024-04-13
2024-04-13 19:00:00,"471,1417500025929","258,5",2,2,2024-04-13
2024-04-13 20:00:00,"393,75709567001314","153,679993",2,2,2024-04-13
2024-04-13 21:00:00,"331,6545623032116","52,59",2,2,2024-04-13
2024-04-13 22:00:00,"285,74131308969686","3,21",2,2,2024-04-13
2024-04-13 23:00:00,"249,341019963018","6,19",2,2,2024-04-13
2024-04-14 00:00:00,"215,95856628773194","6,79",2,2,2024-04-14
2024-04-14 01:00:00,"214,93164662991683","3,13",2,2,2024-04-14
2024-04-14 02:00:00,"214,93164662991683","3,66",2,2,2024-04-14
2024-04-14 03:00:00,"214,93164662991683","21,709999",2,2,2024-04-14
2024-04-14 04:00:00,"217,8939372449214","93,629997",2,2,2024-04-14
2024-04-14 05:00:00,"243,1998468543557","96,989998",2,2,2024-04-14
2024-04-14 06:00:00,"265,0924787901024","55,279999",2,2,2024-04-14
2024-04-14 07:00:00,"273,6382900889735","0,0",2,2,2024-04-14
2024-04-14 08:00:00,"269,960185735694","-17,16",2,2,2024-04-14
2024-04-14 09:00:00,"261,8011402684472","-89,379997",2,2,2024-04-14
2024-04-14 10:00:00,"269,960185735694","-314,399994",2,2,2024-04-14
2024-04-14 11:00:00,"261,8011402684472","-397,73999",2,2,2024-04-14
2024-04-14 12:00:00,"261,8011402684472","-402,880005",2,2,2024-04-14
2024-04-14 13:00:00,"261,8011402684472","-298,809998",2,2,2024-04-14
2024-04-14 14:00:00,"269,960185735694","-46,630001",2,2,2024-04-14
2024-04-14 15:00:00,"271,22328816016443","11,71",2,2,2024-04-14
2024-04-14 16:00:00,"272,1362346332844","157,419998",2,2,2024-04-14
2024-04-14 17:00:00,"263,97718916603765","655,059998",2,2,2024-04-14
2024-04-14 18:00:00,"245,45499701914972","894,619995",2,2,2024-04-14
2024-04-14 19:00:00,"215,91104505654639","840,159973",2,2,2024-04-14
2024-04-14 20:00:00,"207,3617768416757","724,890015",2,2,2024-04-14
2024-04-14 21:00:00,"215,102402713987","594,549988",2,2,2024-04-14
2024-04-14 22:00:00,"227,54743029628835","343,269989",2,2,2024-04-14
2024-04-14 23:00:00,"225,277379168146","334,690002",2,2,2024-04-14
2024-04-15 00:00:00,"259,8065563405232","526,359985",2,3,2024-04-15
2024-04-15 01:00:00,"234,69153360060554","491,220001",2,3,2024-04-15
2024-04-15 02:00:00,"231,60978336855783","561,280029",2,3,2024-04-15
2024-04-15 03:00:00,"230,08518145608764","647,150024",2,3,2024-04-15
2024-04-15 04:00:00,"234,50123566391548","863,440002",2,3,2024-04-15
2024-04-15 05:00:00,"260,65817863124425","1261,98999",2,3,2024-04-15
2024-04-15 06:00:00,"307,15213666513404","1143,290039",2,3,2024-04-15
2024-04-15 07:00:00,"316,379313254526","683,109985",2,3,2024-04-15
2024-04-15 08:00:00,"313,2464123870871","568,809998",2,3,2024-04-15
2024-04-15 09:00:00,"311,6112081131229","425,269989",2,3,2024-04-15
2024-04-15 10:00:00,"307,6233251591702","320,809998",2,3,2024-04-15
2024-04-15 11:00:00,"307,6233251591702","245,389999",2,3,2024-04-15
2024-04-15 12:00:00,"299,1748635229397","145,490005",2,3,2024-04-15
2024-04-15 13:00:00,"297,80603443481044","223,380005",2,3,2024-04-15
2024-04-15 14:00:00,"296,67638538701465","265,459991",2,3,2024-04-15
2024-04-15 15:00:00,"314,1669394957156","345,440002",2,3,2024-04-15
2024-04-15 16:00:00,"370,98528127205856","516,289978",2,3,2024-04-15
2024-04-15 17:00:00,"399,95234292632466","588,809998",2,3,2024-04-15
2024-04-15 18:00:00,"383,661501495374","574,630005",2,3,2024-04-15
2024-04-15 19:00:00,"344,6061506238059","494,730011",2,3,2024-04-15
2024-04-15 20:00:00,"306,6684983745616","394,899994",2,3,2024-04-15
2024-04-15 21:00:00,"291,3278797878714","261,200012",2,3,2024-04-15
2024-04-15 22:00:00,"272,8477225897431","231,639999",2,3,2024-04-15
2024-04-15 23:00:00,"254,82321269751023","132,720001",2,3,2024-04-15
2024-04-16 00:00:00,"243,35871299148405","49,610001",2,3,2024-04-16
2024-04-16 01:00:00,"229,14154320953855","40,959999",2,3,2024-04-16
2024-04-16 02:00:00,"240,3875651209302","133,539993",2,3,2024-04-16
2024-04-16 03:00:00,"266,10178867987145","270,209991",2,3,2024-04-16
2024-04-16 04:00:00,"303,0095817631971","384,880005",2,3,2024-04-16
2024-04-16 05:00:00,"322,4140054732322","554,0",2,3,2024-04-16
2024-04-16 06:00:00,"358,8217376161318","554,0",2,3,2024-04-16
2024-04-16 07:00:00,"399,11949384870127","483,5",2,3,2024-04-16
2024-04-16 08:00:00,"427,09534079721703","388,309998",2,3,2024-04-16
2024-04-16 09:00:00,"421,0695301011489","344,290009",2,3,2024-04-16
2024-04-16 10:00:00,"417,64471460030563","320,5",2,3,2024-04-16
2024-04-16 11:00:00,"421,0864393838712","316,089996",2,3,2024-04-16
2024-04-16 12:00:00,"405,41614493780736","322,359985",2,3,2024-04-16
2024-04-16 13:00:00,"399,79305770989043","362,049988",2,3,2024-04-16
2024-04-16 14:00:00,"481,5830095041817","457,540009",2,3,2024-04-16
2024-04-16 15:00:00,"551,1607429942449","594,359985",2,3,2024-04-16
2024-04-16 16:00:00,"583,9443452039491","693,210022",2,3,2024-04-16
2024-04-16 17:00:00,"575,5049446785646","850,400024",2,3,2024-04-16
2024-04-16 18:00:00,"540,9288225688631","928,960022",2,3,2024-04-16
2024-04-16 19:00:00,"476,9396909634084","779,309998",2,3,2024-04-16
2024-04-16 20:00:00,"435,2603789539541","672,169983",2,3,2024-04-16
2024-04-16 21:00:00,"374,2261579814874","627,409973",2,3,2024-04-16
2024-04-16 22:00:00,"360,35222574400666","625,48999",2,3,2024-04-16
2024-04-16 23:00:00,"320,92628428132844","625,48999",2,3,2024-04-16
2024-04-17 00:00:00,"302,121469431076","606,919983",2,3,2024-04-17
2024-04-17 01:00:00,"308,0525646183216","614,75",2,3,2024-04-17
2024-04-17 02:00:00,"296,593340989663","618,929993",2,3,2024-04-17
2024-04-17 03:00:00,"297,811171126179","624,669983",2,3,2024-04-17
2024-04-17 04:00:00,"331,3514986741101","816,109985",2,3,2024-04-17
2024-04-17 05:00:00,"371,2145940607611","1268,069946",2,3,2024-04-17
2024-04-17 06:00:00,"462,19987406410354","1157,650024",2,3,2024-04-17
2024-04-17 07:00:00,"569,2280952188715","780,52002",2,3,2024-04-17
2024-04-17 08:00:00,"594,3693357808561","625,940002",2,3,2024-04-17
2024-04-17 09:00:00,"612,3228472223784","596,099976",2,3,2024-04-17
2024-04-17 10:00:00,"603,5833185927681","599,080017",2,3,2024-04-17
2024-04-17 11:00:00,"587,4430446801638","589,830017",2,3,2024-04-17
2024-04-17 12:00:00,"568,2939856682465","579,76001",2,3,2024-04-17
2024-04-17 13:00:00,"593,1737882104611","574,690002",2,3,2024-04-17
2024-04-17 14:00:00,"614,3514306778286","596,840027",2,3,2024-04-17
2024-04-17 15:00:00,"625,6530534845908","648,320007",2,3,2024-04-17
2024-04-17 16:00:00,"649,5019927141635","857,73999",2,3,2024-04-17
2024-04-17 17:00:00,"637,1515032235167","1193,089966",2,3,2024-04-17
2024-04-17 18:00:00,"615,9738607561492","1267,550049",2,3,2024-04-17
2024-04-17 19:00:00,"549,2839559109675","970,320007",2,3,2024-04-17
2024-04-17 20:00:00,"493,3648714838643","738,890015",2,3,2024-04-17
2024-04-17 21:00:00,"459,6152377066506","655,109985",2,3,2024-04-17
2024-04-17 22:00:00,"404,89544735446174","685,150024",2,3,2024-04-17
2024-04-17 23:00:00,"341,99981349972677","652,23999",2,3,2024-04-17
2024-04-18 00:00:00,"314,0694971540488","660,52002",2,3,2024-04-18
2024-04-18 01:00:00,"290,56983310011185","654,780029",2,3,2024-04-18
2024-04-18 02:00:00,"273,4159830146699","668,580017",2,3,2024-04-18
2024-04-18 03:00:00,"273,96118650051056","697,380005",2,3,2024-04-18
2024-04-18 04:00:00,"286,5362861755852","909,349976",2,3,2024-04-18
2024-04-18 05:00:00,"316,74644129862514","1162,430054",2,3,2024-04-18
2024-04-18 06:00:00,"370,5272009657609","978,809998",2,3,2024-04-18
2024-04-18 07:00:00,"420,27457668582474","754,460022",2,3,2024-04-18
2024-04-18 08:00:00,"419,45123510990703","673,059998",2,3,2024-04-18
2024-04-18 09:00:00,"399,79305770989043","625,76001",2,3,2024-04-18
2024-04-18 10:00:00,"385,00017619853867","601,659973",2,3,2024-04-18
2024-04-18 11:00:00,"369,48970357558215","575,98999",2,3,2024-04-18
2024-04-18 12:00:00,"365,1577235216483","544,72998",2,3,2024-04-18
2024-04-18 13:00:00,"370,32889934389624","527,48999",2,3,2024-04-18
2024-04-18 14:00:00,"403,54911240500337","528,840027",2,3,2024-04-18
2024-04-18 15:00:00,"416,04703647622273","606,799988",2,3,2024-04-18
2024-04-18 16:00:00,"451,571573661642","701,559998",2,3,2024-04-18
2024-04-18 17:00:00,"460,5268738224042","934,419983",2,3,2024-04-18
2024-04-18 18:00:00,"448,47750671656155","961,200012",2,3,2024-04-18
2024-04-18 19:00:00,"405,4322900178552","790,27002",2,3,2024-04-18
2024-04-18 20:00:00,"347,8047964912866","670,669983",2,3,2024-04-18
2024-04-18 21:00:00,"315,86068436466604","592,179993",2,3,2024-04-18
2024-04-18 22:00:00,"270,00757204807985","576,090027",2,3,2024-04-18
2024-04-18 23:00:00,"256,84160491659065","453,869995",2,3,2024-04-18
2024-04-19 00:00:00,"233,3132942297098","377,019989",2,3,2024-04-19
2024-04-19 01:00:00,"230,2315439976621","369,109985",2,3,2024-04-19
2024-04-19 02:00:00,"228,75446331637747","357,920013",2,3,2024-04-19
2024-04-19 03:00:00,"229,25214557103254","366,200012",2,3,2024-04-19
2024-04-19 04:00:00,"233,66819977886038","448,570007",2,3,2024-04-19
2024-04-19 05:00:00,"268,8393673633187","527,809998",2,3,2024-04-19
2024-04-19 06:00:00,"293,94167137767533","581,01001",2,3,2024-04-19
2024-04-19 07:00:00,"331,6943719506505","516,700012",2,3,2024-04-19
2024-04-19 08:00:00,"349,7231665515707","457,160004",2,3,2024-04-19
2024-04-19 09:00:00,"325,26852158811636","427,380005",2,3,2024-04-19
2024-04-19 10:00:00,"316,80744186740327","389,179993",2,3,2024-04-19
2024-04-19 11:00:00,"295,21833573629397","363,140015",2,3,2024-04-19
2024-04-19 12:00:00,"284,87792782469586","346,059998",2,3,2024-04-19
2024-04-19 13:00:00,"263,87103074254395","353,0",2,3,2024-04-19
2024-04-19 14:00:00,"277,30741045553236","379,859985",2,3,2024-04-19
2024-04-19 15:00:00,"300,50986616443083","427,980011",2,3,2024-04-19
2024-04-19 16:00:00,"334,9273676563162","470,660004",2,3,2024-04-19
2024-04-19 17:00:00,"336,94876082945","475,660004",2,3,2024-04-19
2024-04-19 18:00:00,"316,30007046949044","482,670013",2,3,2024-04-19
2024-04-19 19:00:00,"271,9988949830591","482,079987",2,3,2024-04-19
2024-04-19 20:00:00,"256,2138739857464","475,359985",2,3,2024-04-19
2024-04-19 21:00:00,"239,48450955213343","459,839996",2,3,2024-04-19
2024-04-19 22:00:00,"229,024510977573","438,709991",2,3,2024-04-19
2024-04-19 23:00:00,"229,68127150945412","422,209991",2,3,2024-04-19
2024-04-20 00:00:00,"228,7069420851919","417,51001",2,3,2024-04-20
2024-04-20 01:00:00,"225,90178634050858","430,950012",2,3,2024-04-20
2024-04-20 02:00:00,"225,94930757169413","455,5",2,3,2024-04-20
2024-04-20 03:00:00,"226,4469898263492","468,850006",2,3,2024-04-20
2024-04-20 04:00:00,"234,50123566391548","476,98999",2,3,2024-04-20
2024-04-20 05:00:00,"236,02583757638567","507,279999",2,3,2024-04-20
2024-04-20 06:00:00,"236,02583757638567","485,350006",2,3,2024-04-20
2024-04-20 07:00:00,"248,02108510931203","446,98999",2,3,2024-04-20
2024-04-20 08:00:00,"298,5303335644385","373,48999",2,3,2024-04-20
2024-04-20 09:00:00,"314,0794482721422","286,769989",2,3,2024-04-20
2024-04-20 10:00:00,"314,0794482721422","216,179993",2,3,2024-04-20
2024-04-20 11:00:00,"309,1038574851502","92,010002",2,3,2024-04-20
2024-04-20 12:00:00,"317,93289799687307","78,730003",2,3,2024-04-20
2024-04-20 13:00:00,"321,40545785433375","136,779999",2,3,2024-04-20
2024-04-20 14:00:00,"365,5021942496289","279,160004",2,3,2024-04-20
2024-04-20 15:00:00,"426,8319279543679","468,850006",2,3,2024-04-20
2024-04-20 16:00:00,"482,30172881978626","588,77002",2,3,2024-04-20
2024-04-20 17:00:00,"517,3277020086945","668,690002",2,3,2024-04-20
2024-04-20 18:00:00,"506,0442425475768","724,140015",2,3,2024-04-20
2024-04-20 19:00:00,"483,8356487195628","673,919983",2,3,2024-04-20
2024-04-20 20:00:00,"414,45943134771727","642,280029",2,3,2024-04-20
2024-04-20 21:00:00,"353,4252103752506","618,619995",2,3,2024-04-20
2024-04-20 22:00:00,"309,0939640090808","610,679993",2,3,2024-04-20
2024-04-20 23:00:00,"276,6978817346483","526,669983",2,3,2024-04-20
2024-04-21 00:00:00,"234,19385134595046","518,76001",2,3,2024-04-21
2024-04-21 01:00:00,"236,02583757638567","480,48999",2,3,2024-04-21
2024-04-21 02:00:00,"231,60978336855783","476,609985",2,3,2024-04-21
2024-04-21 03:00:00,"230,08518145608764","474,670013",2,3,2024-04-21
2024-04-21 04:00:00,"234,50123566391548","480,709991",2,3,2024-04-21
2024-04-21 05:00:00,"256,77329832940285","451,609985",2,3,2024-04-21
2024-04-21 06:00:00,"275,68225630791505","454,220001",2,3,2024-04-21
2024-04-21 07:00:00,"283,0082658901067","408,339996",2,3,2024-04-21
2024-04-21 08:00:00,"275,8884367532616","322,980011",2,3,2024-04-21
2024-04-21 09:00:00,"271,22285640032953","316,869995",2,3,2024-04-21
2024-04-21 10:00:00,"269,8540273122003","327,829987",2,3,2024-04-21
2024-04-21 11:00:00,"261,69498184495353","314,399994",2,3,2024-04-21
2024-04-21 12:00:00,"261,69498184495353","309,480011",2,3,2024-04-21
2024-04-21 13:00:00,"261,69498184495353","312,839996",2,3,2024-04-21
2024-04-21 14:00:00,"273,70707430891025","355,890015",2,3,2024-04-21
2024-04-21 15:00:00,"277,15153917773205","437,809998",2,3,2024-04-21
2024-04-21 16:00:00,"281,5062104344176","556,590027",2,3,2024-04-21
2024-04-21 17:00:00,"274,18020085222594","666,710022",2,3,2024-04-21
2024-04-21 18:00:00,"255,6580087053381","710,72998",2,3,2024-04-21
2024-04-21 19:00:00,"234,1463301147649","679,469971",2,3,2024-04-21
2024-04-21 20:00:00,"231,0645798827172","667,080017",2,3,2024-04-21
2024-04-21 21:00:00,"229,539977970247","660,0",2,3,2024-04-21
2024-04-21 22:00:00,"234,0035534092604","589,190002",2,3,2024-04-21
2024-04-21 23:00:00,"236,02583757638567","582,330017",2,3,2024-04-21
2024-04-22 00:00:00,"470,58296685883505","585,23999",2,4,2024-04-22
2024-04-22 01:00:00,"376,650083743365","596,280029",2,4,2024-04-22
2024-04-22 02:00:00,"310,61468927855","595,309998",2,4,2024-04-22
2024-04-22 03:00:00,"255,42840200882023","652,830017",2,4,2024-04-22
2024-04-22 04:00:00,"236,6393476494141","790,109985",2,4,2024-04-22
2024-04-22 05:00:00,"256,3834179626235","975,820007",2,4,2024-04-22
2024-04-22 06:00:00,"299,0448315286364","876,359985",2,4,2024-04-22
2024-04-22 07:00:00,"302,30776439037857","724,090027",2,4,2024-04-22
2024-04-22 08:00:00,"306,4022096750599","610,75",2,4,2024-04-22
2024-04-22 09:00:00,"308,8864275836406","606,130005",2,4,2024-04-22
2024-04-22 10:00:00,"309,80468760352153","574,869995",2,4,2024-04-22
2024-04-22 11:00:00,"313,2464123870871","549,650024",2,4,2024-04-22
2024-04-22 12:00:00,"314,0794482721422","553,080017",2,4,2024-04-22
2024-04-22 13:00:00,"314,50951481155755","571,429993",2,4,2024-04-22
2024-04-22 14:00:00,"312,8743105375934","608,590027",2,4,2024-04-22
2024-04-22 15:00:00,"327,9721131740281","722,150024",2,4,2024-04-22
2024-04-22 16:00:00,"394,4332049952465","881,880005",2,4,2024-04-22
2024-04-22 17:00:00,"420,7419714655387","1223,969971",2,4,2024-04-22
2024-04-22 18:00:00,"390,11762460834603","1275,52002",2,4,2024-04-22
2024-04-22 19:00:00,"362,6154206366023","970,299988",2,4,2024-04-22
2024-04-22 20:00:00,"330,94211303150547","789,140015",2,4,2024-04-22
2024-04-22 21:00:00,"330,94211303150547","723,640015",2,4,2024-04-22
2024-04-22 22:00:00,"328,6948421812592","658,969971",2,4,2024-04-22
2024-04-22 23:00:00,"303,4849367834807","646,809998",2,4,2024-04-22
2024-04-23 00:00:00,"262,9808032359453","641,289978",2,4,2024-04-23
2024-04-23 01:00:00,"234,69153360060554","637,340027",2,4,2024-04-23
2024-04-23 02:00:00,"242,74520291845562","644,280029",2,4,2024-04-23
2024-04-23 03:00:00,"266,10178867987145","728,890015",2,4,2024-04-23
2024-04-23 04:00:00,"303,0095817631971","905,789978",2,4,2024-04-23
2024-04-23 05:00:00,"320,4525370258451","1352,420044",2,4,2024-04-23
2024-04-23 06:00:00,"356,12675321570845","1016,820007",2,4,2024-04-23
2024-04-23 07:00:00,"397,4842895747371","734,030029",2,4,2024-04-23
2024-04-23 08:00:00,"426,5519227120861","618,309998",2,4,2024-04-23
2024-04-23 09:00:00,"417,0816471471962","576,450012",2,4,2024-04-23
2024-04-23 10:00:00,"414,53446814863963","577,950012",2,4,2024-04-23
2024-04-23 11:00:00,"404,8086438605944","592,27002",2,4,2024-04-23
2024-04-23 12:00:00,"390,40145183900097","586,599976",2,4,2024-04-23
2024-04-23 13:00:00,"390,40145183900097","597,049988",2,4,2024-04-23
2024-04-23 14:00:00,"480,1032045050354","619,429993",2,4,2024-04-23
2024-04-23 15:00:00,"551,1401641513423","671,289978",2,4,2024-04-23
2024-04-23 16:00:00,"577,8808967527756","764,030029",2,4,2024-04-23
2024-04-23 17:00:00,"557,7460699064587","917,799988",2,4,2024-04-23
2024-04-23 18:00:00,"506,309166476973","933,169983",2,4,2024-04-23
2024-04-23 19:00:00,"432,1452394286362","784,169983",2,4,2024-04-23
2024-04-23 20:00:00,"349,37580405792534","691,880005",2,4,2024-04-23
2024-04-23 21:00:00,"324,83037712597013","608,460022",2,4,2024-04-23
2024-04-23 22:00:00,"316,45367912319665","595,640015",2,4,2024-04-23
2024-04-23 23:00:00,"296,6453246730854","567,73999",2,4,2024-04-23
2024-04-24 00:00:00,"294,7420234988614","561,840027",2,4,2024-04-24
2024-04-24 01:00:00,"283,51926860066504","545,130005",2,4,2024-04-24
2024-04-24 02:00:00,"276,97125074520176","567,289978",2,4,2024-04-24
2024-04-24 03:00:00,"273,27787510852244","610,47998",2,4,2024-04-24
2024-04-24 04:00:00,"311,72940842964886","758,419983",2,4,2024-04-24
2024-04-24 05:00:00,"351,5992148054502","979,700012",2,4,2024-04-24
2024-04-24 06:00:00,"440,18122658211144","964,109985",2,4,2024-04-24
2024-04-24 07:00:00,"538,992261579023","724,25",2,4,2024-04-24
2024-04-24 08:00:00,"569,5968800166596","693,590027",2,4,2024-04-24
2024-04-24 09:00:00,"604,4020468990175","679,190002",2,4,2024-04-24
2024-04-24 10:00:00,"584,251014003652","638,76001",2,4,2024-04-24
2024-04-24 11:00:00,"581,8199574522467","622,789978",2,4,2024-04-24
2024-04-24 12:00:00,"560,9089785479596","600,929993",2,4,2024-04-24
2024-04-24 13:00:00,"575,7076993540699","616,900024",2,4,2024-04-24
2024-04-24 14:00:00,"606,8606968938828","635,25",2,4,2024-04-24
2024-04-24 15:00:00,"606,8606968938828","716,869995",2,4,2024-04-24
2024-04-24 16:00:00,"624,4577739344005","776,179993",2,4,2024-04-24
2024-04-24 17:00:00,"629,7664961032298","1008,640015",2,4,2024-04-24
2024-04-24 18:00:00,"609,5177376431769","1070,119995",2,4,2024-04-24
2024-04-24 19:00:00,"546,8157157519481","903,900024",2,4,2024-04-24
2024-04-24 20:00:00,"483,59026441703975","785,650024",2,4,2024-04-24
2024-04-24 21:00:00,"458,7822018215955","673,0",2,4,2024-04-24
2024-04-24 22:00:00,"404,89544735446174","622,700012",2,4,2024-04-24
2024-04-24 23:00:00,"341,99981349972677","596,599976",2,4,2024-04-24
2024-04-25 00:00:00,"314,0694971540488","576,97998",2,4,2024-04-25
2024-04-25 01:00:00,"290,56983310011185","567,140015",2,4,2024-04-25
2024-04-25 02:00:00,"273,4159830146699","561,099976",2,4,2024-04-25
2024-04-25 03:00:00,"277,54420482328334","626,580017",2,4,2024-04-25
2024-04-25 04:00:00,"284,0680460165659","763,940002",2,4,2024-04-25
2024-04-25 05:00:00,"314,27820113960587","976,780029",2,4,2024-04-25
2024-04-25 06:00:00,"366,25244029714025","852,840027",2,4,2024-04-25
2024-04-25 07:00:00,"414,6514894579078","690,26001",2,4,2024-04-25
2024-04-25 08:00:00,"415,4633521559543","597,859985",2,4,2024-04-25
2024-04-25 09:00:00,"398,8641737025758","583,169983",2,4,2024-04-25
2024-04-25 10:00:00,"392,3332490143177","551,26001",2,4,2024-04-25
2024-04-25 11:00:00,"371,8824550478484","514,710022",2,4,2024-04-25
2024-04-25 12:00:00,"358,3567436072324","498,230011",2,4,2024-04-25
2024-04-25 13:00:00,"370,5564194689249","517,400024",2,4,2024-04-25
2024-04-25 14:00:00,"395,5911884896107","542,97998",2,4,2024-04-25
2024-04-25 15:00:00,"418,3447495716666","595,700012",2,4,2024-04-25
2024-04-25 16:00:00,"453,75293610599334","709,72998",2,4,2024-04-25
2024-04-25 17:00:00,"464,51475677635693","1052,170044",2,4,2024-04-25
2024-04-25 18:00:00,"452,4653896705143","1135,699951",2,4,2024-04-25
2024-04-25 19:00:00,"439,4861528098856","847,98999",2,4,2024-04-25
2024-04-25 20:00:00,"359,7581538389658","681,23999",2,4,2024-04-25
2024-04-25 21:00:00,"327,8140417123453","594,659973",2,4,2024-04-25
2024-04-25 22:00:00,"291,8043137477422","595,719971",2,4,2024-04-25
2024-04-25 23:00:00,"259,3098450756099","551,929993",2,4,2024-04-25
2024-04-26 00:00:00,"234,1463301147649","553,429993",2,4,2024-04-26
2024-04-26 01:00:00,"231,0645798827172","552,460022",2,4,2024-04-26
2024-04-26 02:00:00,"229,58749920143256","575,049988",2,4,2024-04-26
2024-04-26 03:00:00,"234,50123566391548","618,909973",2,4,2024-04-26
2024-04-26 04:00:00,"236,02583757638567","697,380005",2,4,2024-04-26
2024-04-26 05:00:00,"272,8272503172714","776,140015",2,4,2024-04-26
2024-04-26 06:00:00,"296,42588928625605","716,469971",2,4,2024-04-26
2024-04-26 07:00:00,"341,51514922031345","604,73999",2,4,2024-04-26
2024-04-26 08:00:00,"338,992929354091","580,349976",2,4,2024-04-26
2024-04-26 09:00:00,"321,5216330149001","544,099976",2,4,2024-04-26
2024-04-26 10:00:00,"297,7199347074967","524,710022",2,4,2024-04-26
2024-04-26 11:00:00,"290,5527553833619","512,700012",2,4,2024-04-26
2024-04-26 12:00:00,"263,87103074254395","487,570007",2,4,2024-04-26
2024-04-26 13:00:00,"263,87103074254395","521,5",2,4,2024-04-26
2024-04-26 14:00:00,"287,0185427563984","534,780029",2,4,2024-04-26
2024-04-26 15:00:00,"312,7199083610568","600,119995",2,4,2024-04-26
2024-04-26 16:00:00,"351,12529280689495","700,210022",2,4,2024-04-26
2024-04-26 17:00:00,"357,5763945864351","960,219971",2,4,2024-04-26
2024-04-26 18:00:00,"336,9277042264755","1018,539978",2,4,2024-04-26
2024-04-26 19:00:00,"303,1459179141386","820,440002",2,4,2024-04-26
2024-04-26 20:00:00,"287,80529932744827","691,47998",2,4,2024-04-26
2024-04-26 21:00:00,"251,4378668998126","658,289978",2,4,2024-04-26
2024-04-26 22:00:00,"238,56238432259275","673,330017",2,4,2024-04-26
2024-04-26 23:00:00,"235,48063409054504","662,960022",2,4,2024-04-26
2024-04-27 00:00:00,"231,0645798827172","645,72998",2,4,2024-04-27
2024-04-27 01:00:00,"225,90178634050858","663,929993",2,4,2024-04-27
2024-04-27 02:00:00,"225,94930757169413","653,940002",2,4,2024-04-27
2024-04-27 03:00:00,"230,86304403417705","625,52002",2,4,2024-04-27
2024-04-27 04:00:00,"234,50123566391548","641,929993",2,4,2024-04-27
2024-04-27 05:00:00,"236,02583757638567","589,429993",2,4,2024-04-27
2024-04-27 06:00:00,"236,02583757638567","511,950012",2,4,2024-04-27
2024-04-27 07:00:00,"248,02108510931203","440,51001",2,4,2024-04-27
2024-04-27 08:00:00,"298,5303335644385","284,950012",2,4,2024-04-27
2024-04-27 09:00:00,"314,0794482721422","194,559998",2,4,2024-04-27
2024-04-27 10:00:00,"311,6112081131229","294,640015",2,4,2024-04-27
2024-04-27 11:00:00,"302,64773437217815","308,809998",2,4,2024-04-27
2024-04-27 12:00:00,"312,30981076895614","182,710007",2,4,2024-04-27
2024-04-27 13:00:00,"305,9650799020571","75,019997",2,4,2024-04-27
2024-04-27 14:00:00,"346,9837818525969","156,080002",2,4,2024-04-27
2024-04-27 15:00:00,"410,34125298168203","465,040009",2,4,2024-04-27
2024-04-27 16:00:00,"453,79614912514825","641,330017",2,4,2024-04-27
2024-04-27 17:00:00,"473,5377641211799","894,140015",2,4,2024-04-27
2024-04-27 18:00:00,"462,97547902773647","837,23999",2,4,2024-04-27
2024-04-27 19:00:00,"426,37949615259555","633,880005",2,4,2024-04-27
2024-04-27 20:00:00,"338,34180597965843","566,01001",2,4,2024-04-27
2024-04-27 21:00:00,"308,1403001653614","486,440002",2,4,2024-04-27
2024-04-27 22:00:00,"284,81300440083777","420,570007",2,4,2024-04-27
2024-04-27 23:00:00,"253,0879085362343","344,119995",2,4,2024-04-27
2024-04-28 00:00:00,"233,36081546089537","295,350006",2,4,2024-04-28
2024-04-28 01:00:00,"230,77674748350273","241,050003",2,4,2024-04-28
2024-04-28 02:00:00,"229,25214557103254","212,490005",2,4,2024-04-28
2024-04-28 03:00:00,"233,66819977886038","199,059998",2,4,2024-04-28
2024-04-28 04:00:00,"235,19280169133057","74,209999",2,4,2024-04-28
2024-04-28 05:00:00,"254,30505817038357","1,86",2,4,2024-04-28
2024-04-28 06:00:00,"269,22613319494303","1,94",2,4,2024-04-28
2024-04-28 07:00:00,"270,39923079804095","1,64",2,4,2024-04-28
2024-04-28 08:00:00,"269,8540273122003","0,0",2,4,2024-04-28
2024-04-28 09:00:00,"269,8540273122003","-7,16",2,4,2024-04-28
2024-04-28 10:00:00,"269,960185735694","-8,28",2,4,2024-04-28
2024-04-28 11:00:00,"261,8011402684472","-18,65",2,4,2024-04-28
2024-04-28 12:00:00,"261,8011402684472","-18,790001",2,4,2024-04-28
2024-04-28 13:00:00,"261,8011402684472","-15,14",2,4,2024-04-28
2024-04-28 14:00:00,"274,9701767333807","-7,31",2,4,2024-04-28
2024-04-28 15:00:00,"278,064485650852","0,0",2,4,2024-04-28
2024-04-28 16:00:00,"279,8710061604534","264,320007",2,4,2024-04-28
2024-04-28 17:00:00,"271,71196069320666","442,350006",2,4,2024-04-28
2024-04-28 18:00:00,"249,201885592366","577,640015",2,4,2024-04-28
2024-04-28 19:00:00,"219,11122253503794","583,159973",2,4,2024-04-28
2024-04-28 20:00:00,"217,58662062256775","468,079987",2,4,2024-04-28
2024-04-28 21:00:00,"217,58662062256775","417,890015",2,4,2024-04-28
2024-04-28 22:00:00,"227,54743029628835","306,529999",2,4,2024-04-28
2024-04-28 23:00:00,"222,79316125956527","370,75",2,4,2024-04-28
2024-07-01 00:00:00,"517,8264060694119","583,150024",3,1,2024-07-01
2024-07-01 01:00:00,"416,91543261265457","581,809998",3,1,2024-07-01
2024-07-01 02:00:00,"315,86377937143294","564,059998",3,1,2024-07-01
2024-07-01 03:00:00,"256,2614378938753","602,76001",3,1,2024-07-01
2024-07-01 04:00:00,"239,10758780843338","907,349976",3,1,2024-07-01
2024-07-01 05:00:00,"260,65817863124425","1028,550049",3,1,2024-07-01
2024-07-01 06:00:00,"305,29018814976575","1061,73999",3,1,2024-07-01
2024-07-01 07:00:00,"314,0794482721422","841,27002",3,1,2024-07-01
2024-07-01 08:00:00,"314,0794482721422","778,929993",3,1,2024-07-01
2024-07-01 09:00:00,"314,0794482721422","642,52002",3,1,2024-07-01
2024-07-01 10:00:00,"313,2464123870871","493,200012",3,1,2024-07-01
2024-07-01 11:00:00,"313,2464123870871","318,609985",3,1,2024-07-01
2024-07-01 12:00:00,"311,6112081131229","258,5",3,1,2024-07-01
2024-07-01 13:00:00,"311,6112081131229","251,929993",3,1,2024-07-01
2024-07-01 14:00:00,"313,2464123870871","273,940002",3,1,2024-07-01
2024-07-01 15:00:00,"327,0591667009081","452,779999",3,1,2024-07-01
2024-07-01 16:00:00,"385,52499866484584","568,080017",3,1,2024-07-01
2024-07-01 17:00:00,"414,505742349531","745,890015",3,1,2024-07-01
2024-07-01 18:00:00,"385,84286393972536","1214,109985",3,1,2024-07-01
2024-07-01 19:00:00,"358,7747686959347","939,719971",3,1,2024-07-01
2024-07-01 20:00:00,"323,5626670992909","782,580017",3,1,2024-07-01
2024-07-01 21:00:00,"313,133254285796","653,700012",3,1,2024-07-01
2024-07-01 22:00:00,"312,5211877095139","593,919983",3,1,2024-07-01
2024-07-01 23:00:00,"287,3112823117353","462,350006",3,1,2024-07-01
2024-07-02 00:00:00,"244,99391726544823","375,829987",3,1,2024-07-02
2024-07-02 01:00:00,"230,77674748350273","402,829987",3,1,2024-07-02
2024-07-02 02:00:00,"244,80361932875803","343,98999",3,1,2024-07-02
2024-07-02 03:00:00,"275,0941133848466","379,040009",3,1,2024-07-02
2024-07-02 04:00:00,"303,0095817631971","571,320007",3,1,2024-07-02
2024-07-02 05:00:00,"319,9457653142129","732,940002",3,1,2024-07-02
2024-07-02 06:00:00,"356,35349745711255","737,200012",3,1,2024-07-02
2024-07-02 07:00:00,"397,4842895747371","636,950012",3,1,2024-07-02
2024-07-02 08:00:00,"424,37056026773473","605,030029",3,1,2024-07-02
2024-07-02 09:00:00,"418,3447495716666","542,75",3,1,2024-07-02
2024-07-02 10:00:00,"408,46449775733106","529,400024",3,1,2024-07-02
2024-07-02 11:00:00,"408,46449775733106","503,450012",3,1,2024-07-02
2024-07-02 12:00:00,"390,40145183900097","443,559998",3,1,2024-07-02
2024-07-02 13:00:00,"392,7942033112672","450,570007",3,1,2024-07-02
2024-07-02 14:00:00,"482,49595597730166","540,289978",3,1,2024-07-02
2024-07-02 15:00:00,"554,8314399731521","552,52002",3,1,2024-07-02
2024-07-02 16:00:00,"581,6466321085052","617,190002",3,1,2024-07-02
2024-07-02 17:00:00,"560,138821378725","754,349976",3,1,2024-07-02
2024-07-02 18:00:00,"506,309166476973","837,140015",3,1,2024-07-02
2024-07-02 19:00:00,"440,64705111737476","634,419983",3,1,2024-07-02
2024-07-02 20:00:00,"349,37580405792534","345,779999",3,1,2024-07-02
2024-07-02 21:00:00,"324,83037712597013","301,100006",3,1,2024-07-02
2024-07-02 22:00:00,"317,8225082113259","277,459991",3,1,2024-07-02
2024-07-02 23:00:00,"289,31225185730636","268,809998",3,1,2024-07-02
2024-07-03 00:00:00,"261,47864959908014","267,23999",3,1,2024-07-03
2024-07-03 01:00:00,"267,40974478632575","270,380005",3,1,2024-07-03
2024-07-03 02:00:00,"272,1584017718644","288,649994",3,1,2024-07-03
2024-07-03 03:00:00,"283,19352263274016","439,309998",3,1,2024-07-03
2024-07-03 04:00:00,"307,7415254756961","647,929993",3,1,2024-07-03
2024-07-03 05:00:00,"347,45638391371176","729,599976",3,1,2024-07-03
2024-07-03 06:00:00,"443,17772013137574","771,669983",3,1,2024-07-03
2024-07-03 07:00:00,"536,3603300664233","457,959991",3,1,2024-07-03
2024-07-03 08:00:00,"565,978897573496","323,029999",3,1,2024-07-03
2024-07-03 09:00:00,"603,0290630155541","298,119995",3,1,2024-07-03
2024-07-03 10:00:00,"582,0060154439518","291,859985",3,1,2024-07-03
2024-07-03 11:00:00,"575,7565090010733","296,179993",3,1,2024-07-03
2024-07-03 12:00:00,"560,9089785479596","306,100006",3,1,2024-07-03
2024-07-03 13:00:00,"575,7076993540699","317,220001",3,1,2024-07-03
2024-07-03 14:00:00,"596,304144466598","376,660004",3,1,2024-07-03
2024-07-03 15:00:00,"601,9796120262489","590,5",3,1,2024-07-03
2024-07-03 16:00:00,"622,1718435778172","725,049988",3,1,2024-07-03
2024-07-03 17:00:00,"626,4361985677134","864,75",3,1,2024-07-03
2024-07-03 18:00:00,"609,5177376431769","1193,079956",3,1,2024-07-03
2024-07-03 19:00:00,"549,01439689034","843,570007",3,1,2024-07-03
2024-07-03 20:00:00,"480,4826301288704","677,390015",3,1,2024-07-03
2024-07-03 21:00:00,"437,8445896346116","513,900024",3,1,2024-07-03
2024-07-03 22:00:00,"357,4339853672836","436,329987",3,1,2024-07-03
2024-07-03 23:00:00,"312,02942824890465","228,75",3,1,2024-07-03
2024-07-04 00:00:00,"296,26063840833933","191,240005",3,1,2024-07-04
2024-07-04 01:00:00,"288,1015929410926","130,149994",3,1,2024-07-04
2024-07-04 02:00:00,"266,8174652531086","72,870003",3,1,2024-07-04
2024-07-04 03:00:00,"267,36266873894925","74,730003",3,1,2024-07-04
2024-07-04 04:00:00,"277,59594515403245","197,429993",3,1,2024-07-04
2024-07-04 05:00:00,"306,54342961243685","223,759995",3,1,2024-07-04
2024-07-04 06:00:00,"365,1038885442185","235,910004",3,1,2024-07-04
2024-07-04 07:00:00,"417,018737728526","178,630005",3,1,2024-07-04
2024-07-04 08:00:00,"406,9846927581848","26,700001",3,1,2024-07-04
2024-07-04 09:00:00,"391,31439831212094","21,780001",3,1,2024-07-04
2024-07-04 10:00:00,"382,6074247262724","20,440001",3,1,2024-07-04
2024-07-04 11:00:00,"369,48970357558215","7,23",3,1,2024-07-04
2024-07-04 12:00:00,"365,1577235216483","0,0",3,1,2024-07-04
2024-07-04 13:00:00,"370,32889934389624","0,0",3,1,2024-07-04
2024-07-04 14:00:00,"399,8932585082667","-0,07",3,1,2024-07-04
2024-07-04 15:00:00,"412,39118257948604","11,26",3,1,2024-07-04
2024-07-04 16:00:00,"441,85729197518367","87,410004",3,1,2024-07-04
2024-07-04 17:00:00,"426,9132436421171","216,300003",3,1,2024-07-04
2024-07-04 18:00:00,"393,22933836256084","336,160004",3,1,2024-07-04
2024-07-04 19:00:00,"387,30708917923283","289,320007",3,1,2024-07-04
2024-07-04 20:00:00,"345,3205785827059","288,5",3,1,2024-07-04
2024-07-04 21:00:00,"313,3764664560853","284,170013",3,1,2024-07-04
2024-07-04 22:00:00,"266,1545250513699","51,610001",3,1,2024-07-04
2024-07-04 23:00:00,"249,00067496592789","35,130001",3,1,2024-07-04
2024-07-05 00:00:00,"212,87085426558815","30,73",3,1,2024-07-05
2024-07-05 01:00:00,"204,67476654101927","19,91",3,1,2024-07-05
2024-07-05 02:00:00,"201,1396102442012","21,780001",3,1,2024-07-05
2024-07-05 03:00:00,"201,63729249885628","42,66",3,1,2024-07-05
2024-07-05 04:00:00,"211,34896910191318","149,100006",3,1,2024-07-05
2024-07-05 05:00:00,"263,5678768776322","213,990005",3,1,2024-07-05
2024-07-05 06:00:00,"289,9840163126164","221,369995",3,1,2024-07-05
2024-07-05 07:00:00,"319,79249876501484","138,429993",3,1,2024-07-05
2024-07-05 08:00:00,"322,49536676642396","22,0",3,1,2024-07-05
2024-07-05 09:00:00,"304,00496553061936","3,06",3,1,2024-07-05
2024-07-05 10:00:00,"295,54388580990627","-0,3",3,1,2024-07-05
2024-07-05 11:00:00,"287,11403582113593","-4,1",3,1,2024-07-05
2024-07-05 12:00:00,"261,8011402684472","-5,74",3,1,2024-07-05
2024-07-05 13:00:00,"261,8011402684472","-0,22",3,1,2024-07-05
2024-07-05 14:00:00,"275,13136155794194","14,4",3,1,2024-07-05
2024-07-05 15:00:00,"298,3338172668404","97,410004",3,1,2024-07-05
2024-07-05 16:00:00,"334,01442118319625","173,559998",3,1,2024-07-05
2024-07-05 17:00:00,"336,94876082945","273,730011",3,1,2024-07-05
2024-07-05 18:00:00,"320,65429038914374","282,01001",3,1,2024-07-05
2024-07-05 19:00:00,"279,62917614345156","447,959991",3,1,2024-07-05
2024-07-05 20:00:00,"258,6980918943271","618,02002",3,1,2024-07-05
2024-07-05 21:00:00,"239,48450955213343","633,609985",3,1,2024-07-05
2024-07-05 22:00:00,"231,2058734219243","637,890015",3,1,2024-07-05
2024-07-05 23:00:00,"233,12299629301975","492,73999",3,1,2024-07-05
2024-07-06 00:00:00,"231,0645798827172","473,799988",3,1,2024-07-06
2024-07-06 01:00:00,"225,90178634050858","346,540009",3,1,2024-07-06
2024-07-06 02:00:00,"229,53232589446688","288,070007",3,1,2024-07-06
2024-07-06 03:00:00,"230,03000814912195","117,029999",3,1,2024-07-06
2024-07-06 04:00:00,"225,277379168146","41,77",3,1,2024-07-06
2024-07-06 05:00:00,"225,277379168146","41,02",3,1,2024-07-06
2024-07-06 06:00:00,"216,7172109099568","25,959999",3,1,2024-07-06
2024-07-06 07:00:00,"214,7192186654512","2,39",3,1,2024-07-06
2024-07-06 08:00:00,"276,7859816000231","-0,3",3,1,2024-07-06
2024-07-06 09:00:00,"278,25943287710226","-0,15",3,1,2024-07-06
2024-07-06 10:00:00,"278,25943287710226","-0,22",3,1,2024-07-06
2024-07-06 11:00:00,"273,2838420901102","-0,9",3,1,2024-07-06
2024-07-06 12:00:00,"278,25943287710226","-16,26",3,1,2024-07-06
2024-07-06 13:00:00,"286,4184783443489","-20,209999",3,1,2024-07-06
2024-07-06 14:00:00,"330,9452812790594","-4,48",3,1,2024-07-06
2024-07-06 15:00:00,"415,01993481053165","0,07",3,1,2024-07-06
2024-07-06 16:00:00,"472,1749087279069","14,47",3,1,2024-07-06
2024-07-06 17:00:00,"495,250976054789","3,28",3,1,2024-07-06
2024-07-06 18:00:00,"481,07551029957506","49,900002",3,1,2024-07-06
2024-07-06 19:00:00,"450,46381489770357","70,110001",3,1,2024-07-06
2024-07-06 20:00:00,"354,7624215009327","134,259995",3,1,2024-07-06
2024-07-06 21:00:00,"305,63733358045647","50,5",3,1,2024-07-06
2024-07-06 22:00:00,"270,40069450300655","-0,15",3,1,2024-07-06
2024-07-06 23:00:00,"249,341019963018","-0,75",3,1,2024-07-06
2024-07-07 00:00:00,"215,95856628773194","-5,97",3,1,2024-07-07
2024-07-07 01:00:00,"222,45238610133856","-3,58",3,1,2024-07-07
2024-07-07 02:00:00,"222,45238610133856","-0,45",3,1,2024-07-07
2024-07-07 03:00:00,"217,8939372449214","-0,07",3,1,2024-07-07
2024-07-07 04:00:00,"217,8939372449214","-0,07",3,1,2024-07-07
2024-07-07 05:00:00,"243,1998468543557","-0,07",3,1,2024-07-07
2024-07-07 06:00:00,"262,397494389679","-4,55",3,1,2024-07-07
2024-07-07 07:00:00,"270,50538922153464","-48,25",3,1,2024-07-07
2024-07-07 08:00:00,"269,960185735694","-74,43",3,1,2024-07-07
2024-07-07 09:00:00,"269,960185735694","-89,800003",3,1,2024-07-07
2024-07-07 10:00:00,"269,960185735694","-100,610001",3,1,2024-07-07
2024-07-07 11:00:00,"261,8011402684472","-112,019997",3,1,2024-07-07
2024-07-07 12:00:00,"261,8011402684472","-148,419998",3,1,2024-07-07
2024-07-07 13:00:00,"261,8011402684472","-90,989998",3,1,2024-07-07
2024-07-07 14:00:00,"269,960185735694","-45,939999",3,1,2024-07-07
2024-07-07 15:00:00,"269,8540273122003","-0,6",3,1,2024-07-07
2024-07-07 16:00:00,"274,9701767333807","477,23999",3,1,2024-07-07
2024-07-07 17:00:00,"274,18020085222594","673,23999",3,1,2024-07-07
2024-07-07 18:00:00,"255,6580087053381","937,030029",3,1,2024-07-07
2024-07-07 19:00:00,"234,9105479523209","993,190002",3,1,2024-07-07
2024-07-07 20:00:00,"231,0645798827172","859,169983",3,1,2024-07-07
2024-07-07 21:00:00,"229,539977970247","724,400024",3,1,2024-07-07
2024-07-07 22:00:00,"234,0035534092604","608,72998",3,1,2024-07-07
2024-07-07 23:00:00,"236,02583757638567","571,659973",3,1,2024-07-07
2024-07-08 00:00:00,"473,4677292851509","552,48999",3,2,2024-07-08
2024-07-08 01:00:00,"389,9729734888545","579,640015",3,2,2024-07-08
2024-07-08 02:00:00,"315,86377937143294","568,900024",3,2,2024-07-08
2024-07-08 03:00:00,"256,2614378938753","592,469971",3,2,2024-07-08
2024-07-08 04:00:00,"239,10758780843338","820,390015",3,2,2024-07-08
2024-07-08 05:00:00,"260,65817863124425","948,52002",3,2,2024-07-08
2024-07-08 06:00:00,"305,51693239116986","750,580017",3,2,2024-07-08
2024-07-08 07:00:00,"312,9375884709604","578,820007",3,2,2024-07-08
2024-07-08 08:00:00,"311,6112081131229","402,209991",3,2,2024-07-08
2024-07-08 09:00:00,"311,6112081131229","286,609985",3,2,2024-07-08
2024-07-08 10:00:00,"297,80603443481044","237,089996",3,2,2024-07-08
2024-07-08 11:00:00,"297,80603443481044","219,639999",3,2,2024-07-08
2024-07-08 12:00:00,"295,4132829625442","220,460007",3,2,2024-07-08
2024-07-08 13:00:00,"297,80603443481044","274,079987",3,2,2024-07-08
2024-07-08 14:00:00,"307,6233251591702","477,320007",3,2,2024-07-08
2024-07-08 15:00:00,"321,8081813224849","598,140015",3,2,2024-07-08
2024-07-08 16:00:00,"374,1722630321083","765,419983",3,2,2024-07-08
2024-07-08 17:00:00,"416,4083303887879","1017,950012",3,2,2024-07-08
2024-07-08 18:00:00,"390,11762460834603","1919,339966",3,2,2024-07-08
2024-07-08 19:00:00,"365,23089180890673","1295,390015",3,2,2024-07-08
2024-07-08 20:00:00,"337,94150729876213","847,609985",3,2,2024-07-08
2024-07-08 21:00:00,"330,94211303150547","686,289978",3,2,2024-07-08
2024-07-08 22:00:00,"328,6948421812592","787,049988",3,2,2024-07-08
2024-07-08 23:00:00,"303,4849367834807","715,73999",3,2,2024-07-08
2024-07-09 00:00:00,"262,9808032359453","694,26001",3,2,2024-07-09
2024-07-09 01:00:00,"234,69153360060554","679,789978",3,2,2024-07-09
2024-07-09 02:00:00,"247,16125712628346","653,840027",3,2,2024-07-09
2024-07-09 03:00:00,"275,0941133848466","722,22998",3,2,2024-07-09
2024-07-09 04:00:00,"303,0095817631971","830,76001",3,2,2024-07-09
2024-07-09 05:00:00,"320,4525370258451","773,919983",3,2,2024-07-09
2024-07-09 06:00:00,"358,8217376161318","701,119995",3,2,2024-07-09
2024-07-09 07:00:00,"399,95252973375636","501,679993",3,2,2024-07-09
2024-07-09 08:00:00,"428,3584432216875","347,799988",3,2,2024-07-09
2024-07-09 09:00:00,"418,3447495716666","251,440002",3,2,2024-07-09
2024-07-09 10:00:00,"408,46449775733106","163,720001",3,2,2024-07-09
2024-07-09 11:00:00,"404,8086438605944","119,190002",3,2,2024-07-09
2024-07-09 12:00:00,"389,1383494145305","32,369999",3,2,2024-07-09
2024-07-09 13:00:00,"389,1383494145305","82,639999",3,2,2024-07-09
2024-07-09 14:00:00,"477,927155607445","400,76001",3,2,2024-07-09
2024-07-09 15:00:00,"542,48107197876","609,309998",3,2,2024-07-09
2024-07-09 16:00:00,"563,1785400968585","740,429993",3,2,2024-07-09
2024-07-09 17:00:00,"549,0338172584836","822,47998",3,2,2024-07-09
2024-07-09 18:00:00,"501,95494655731983","841,349976",3,2,2024-07-09
2024-07-09 19:00:00,"412,1142036900455","748,26001",3,2,2024-07-09
2024-07-09 20:00:00,"341,3497185120655","338,779999",3,2,2024-07-09
2024-07-09 21:00:00,"319,30725816501524","301,779999",3,2,2024-07-09
2024-07-09 22:00:00,"301,11306053650634","216,029999",3,2,2024-07-09
2024-07-09 23:00:00,"289,31225185730636","210,210007",3,2,2024-07-09
2024-07-10 00:00:00,"265,58952024470835","203,050003",3,2,2024-07-10
2024-07-10 01:00:00,"272,8894445200832","196,110001",3,2,2024-07-10
2024-07-10 02:00:00,"279,49147458764344","191,789993",3,2,2024-07-10
2024-07-10 03:00:00,"280,70930472415944","201,710007",3,2,2024-07-10
2024-07-10 04:00:00,"307,7415254756961","300,700012",3,2,2024-07-10
2024-07-10 05:00:00,"353,0794711416287","325,089996",3,2,2024-07-10
2024-07-10 06:00:00,"440,7371567802412","622,809998",3,2,2024-07-10
2024-07-10 07:00:00,"546,3772686993099","586,109985",3,2,2024-07-10
2024-07-10 08:00:00,"579,6138186495461","484,880005",3,2,2024-07-10
2024-07-10 09:00:00,"613,5859496468488","416,029999",3,2,2024-07-10
2024-07-10 10:00:00,"600,1415938092025","351,570007",3,2,2024-07-10
2024-07-10 11:00:00,"584,0013198965981","304,059998",3,2,2024-07-10
2024-07-10 12:00:00,"569,5570880927169","392,149994",3,2,2024-07-10
2024-07-10 13:00:00,"593,6038547498763","394,690002",3,2,2024-07-10
2024-07-10 14:00:00,"613,5183947927734","503,380005",3,2,2024-07-10
2024-07-10 15:00:00,"623,5569151750652","597,820007",3,2,2024-07-10
2024-07-10 16:00:00,"648,5890462410435","602,219971",3,2,2024-07-10
2024-07-10 17:00:00,"635,1900347761296","743,880005",3,2,2024-07-10
2024-07-10 18:00:00,"615,9738607561492","1108,579956",3,2,2024-07-10
2024-07-10 19:00:00,"556,3994040106269","1223,97998",3,2,2024-07-10
2024-07-10 20:00:00,"493,3648714838643","850,179993",3,2,2024-07-10
2024-07-10 21:00:00,"459,6152377066506","693,150024",3,2,2024-07-10
2024-07-10 22:00:00,"404,89544735446174","716,380005",3,2,2024-07-10
2024-07-10 23:00:00,"341,99981349972677","596,48999",3,2,2024-07-10
2024-07-11 00:00:00,"314,0694971540488","574,919983",3,2,2024-07-11
2024-07-11 01:00:00,"290,56983310011185","593,869995",3,2,2024-07-11
2024-07-11 02:00:00,"273,4159830146699","599,169983",3,2,2024-07-11
2024-07-11 03:00:00,"278,37724070833843","611,630005",3,2,2024-07-11
2024-07-11 04:00:00,"286,5362861755852","803,599976",3,2,2024-07-11
2024-07-11 05:00:00,"316,74644129862514","895,289978",3,2,2024-07-11
2024-07-11 06:00:00,"373,2221853661843","794,789978",3,2,2024-07-11
2024-07-11 07:00:00,"438,8855828659437","664,830017",3,2,2024-07-11
2024-07-11 08:00:00,"421,9194752689263","602,01001",3,2,2024-07-11
2024-07-11 09:00:00,"406,24918082286246","496,880005",3,2,2024-07-11
2024-07-11 10:00:00,"401,2735900358704","428,540009",3,2,2024-07-11
2024-07-11 11:00:00,"388,15586888518015","355,880005",3,2,2024-07-11
2024-07-11 12:00:00,"381,3277345907977","331,850006",3,2,2024-07-11
2024-07-11 13:00:00,"392,46315414069556","373,779999",3,2,2024-07-11
2024-07-11 14:00:00,"417,7291435881211","454,959991",3,2,2024-07-11
2024-07-11 15:00:00,"423,5377702601682","611,109985",3,2,2024-07-11
2024-07-11 16:00:00,"457,11475030149404","683,25",3,2,2024-07-11
2024-07-11 17:00:00,"465,02152848798914","895,289978",3,2,2024-07-11
2024-07-11 18:00:00,"454,9336298295336","1375,23999",3,2,2024-07-11
2024-07-11 19:00:00,"442,10162398219","1244,0",3,2,2024-07-11
2024-07-11 20:00:00,"359,7581538389658","907,150024",3,2,2024-07-11
2024-07-11 21:00:00,"327,8140417123453","732,049988",3,2,2024-07-11
2024-07-11 22:00:00,"291,8043137477422","764,130005",3,2,2024-07-11
2024-07-11 23:00:00,"259,3098450756099","651,400024",3,2,2024-07-11
2024-07-12 00:00:00,"234,1463301147649","609,619995",3,2,2024-07-12
2024-07-12 01:00:00,"231,0645798827172","604,619995",3,2,2024-07-12
2024-07-12 02:00:00,"234,0035534092604","598,650024",3,2,2024-07-12
2024-07-12 03:00:00,"236,02583757638567","613,5",3,2,2024-07-12
2024-07-12 04:00:00,"236,02583757638567","805,309998",3,2,2024-07-12
2024-07-12 05:00:00,"275,2954904762907","820,080017",3,2,2024-07-12
2024-07-12 06:00:00,"300,1870279988047","817,690002",3,2,2024-07-12
2024-07-12 07:00:00,"355,6125141600548","763,97998",3,2,2024-07-12
2024-07-12 08:00:00,"354,00324076695233","715,26001",3,2,2024-07-12
2024-07-12 09:00:00,"329,54859580349796","670,200012",3,2,2024-07-12
2024-07-12 10:00:00,"321,0875160827849","621,099976",3,2,2024-07-12
2024-07-12 11:00:00,"294,84880734830494","586,409973",3,2,2024-07-12
2024-07-12 12:00:00,"282,70187892710544","582,22998",3,2,2024-07-12
2024-07-12 13:00:00,"261,69498184495353","583,349976",3,2,2024-07-12
2024-07-12 14:00:00,"275,02520313444825","624,159973",3,2,2024-07-12
2024-07-12 15:00:00,"301,9896711635771","589,400024",3,2,2024-07-12
2024-07-12 16:00:00,"336,4071726554625","671,840027",3,2,2024-07-12
2024-07-12 17:00:00,"339,34151230171625","720,849976",3,2,2024-07-12
2024-07-12 18:00:00,"320,65429038914374","679,299988",3,2,2024-07-12
2024-07-12 19:00:00,"278,366505478816","688,919983",3,2,2024-07-12
2024-07-12 20:00:00,"254,9512033211108","313,950012",3,2,2024-07-12
2024-07-12 21:00:00,"225,3184143664801","197,559998",3,2,2024-07-12
2024-07-12 22:00:00,"212,195506012441","154,669998",3,2,2024-07-12
2024-07-12 23:00:00,"209,42777262964358","99,459999",3,2,2024-07-12
2024-07-13 00:00:00,"201,90703315822185","68,339996",3,2,2024-07-13
2024-07-13 01:00:00,"198,39535919757384","59,689999",3,2,2024-07-13
2024-07-13 02:00:00,"197,65480804580136","46,040001",3,2,2024-07-13
2024-07-13 03:00:00,"204,30118963243885","88,410004",3,2,2024-07-13
2024-07-13 04:00:00,"225,48802736188802","227,860001",3,2,2024-07-13
2024-07-13 05:00:00,"232,0329955048962","207,570007",3,2,2024-07-13
2024-07-13 06:00:00,"231,75107690776494","198,470001",3,2,2024-07-13
2024-07-13 07:00:00,"248,04960779608325","156,460007",3,2,2024-07-13
2024-07-13 08:00:00,"301,88997867328146","38,5",3,2,2024-07-13
2024-07-13 09:00:00,"313,78725701071335","0,3",3,2,2024-07-13
2024-07-13 10:00:00,"313,78725701071335","-0,07",3,2,2024-07-13
2024-07-13 11:00:00,"308,8116662237213","-6,49",3,2,2024-07-13
2024-07-13 12:00:00,"320,1089468944635","-6,04",3,2,2024-07-13
2024-07-13 13:00:00,"324,41454263697926","-0,45",3,2,2024-07-13
2024-07-13 14:00:00,"385,3910343632734","11,34",3,2,2024-07-13
2024-07-13 15:00:00,"441,79150213906206","47,150002",3,2,2024-07-13
2024-07-13 16:00:00,"477,4613160314032","167,429993",3,2,2024-07-13
2024-07-13 17:00:00,"514,5331976762521","375,519989",3,2,2024-07-13
2024-07-13 18:00:00,"501,7694818789561","562,950012",3,2,2024-07-13
2024-07-13 19:00:00,"476,45067759265106","568,98999",3,2,2024-07-13
2024-07-13 20:00:00,"411,991191188698","588,23999",3,2,2024-07-13
2024-07-13 21:00:00,"350,9569702162313","470,049988",3,2,2024-07-13
2024-07-13 22:00:00,"304,81920334046015","663,700012",3,2,2024-07-13
2024-07-13 23:00:00,"270,2417586216763","471,48999",3,2,2024-07-13
2024-07-14 00:00:00,"224,63304296938452","413,73999",3,2,2024-07-14
2024-07-14 01:00:00,"225,56089464236268","330,540009",3,2,2024-07-14
2024-07-14 02:00:00,"220,5243730795217","283,01001",3,2,2024-07-14
2024-07-14 03:00:00,"223,48666369452627","274,660004",3,2,2024-07-14
2024-07-14 04:00:00,"223,48666369452627","238,470001",3,2,2024-07-14
2024-07-14 05:00:00,"244,9395263072506","106,550003",3,2,2024-07-14
2024-07-14 06:00:00,"262,397494389679","2,16",3,2,2024-07-14
2024-07-14 07:00:00,"270,50538922153464","-17,09",3,2,2024-07-14
2024-07-14 08:00:00,"269,960185735694","-22,530001",3,2,2024-07-14
2024-07-14 09:00:00,"269,960185735694","-25,370001",3,2,2024-07-14
2024-07-14 10:00:00,"269,960185735694","-31,49",3,2,2024-07-14
2024-07-14 11:00:00,"261,8011402684472","-38,5",3,2,2024-07-14
2024-07-14 12:00:00,"261,8011402684472","-47,830002",3,2,2024-07-14
2024-07-14 13:00:00,"261,8011402684472","-39,990002",3,2,2024-07-14
2024-07-14 14:00:00,"269,8540273122003","-75,809998",3,2,2024-07-14
2024-07-14 15:00:00,"273,70707430891025","13,95",3,2,2024-07-14
2024-07-14 16:00:00,"278,95805968733345","301,890015",3,2,2024-07-14
2024-07-14 17:00:00,"271,71196069320666","685,929993",3,2,2024-07-14
2024-07-14 18:00:00,"251,3832480367174","864,030029",3,2,2024-07-14
2024-07-14 19:00:00,"230,63578728370018","810,909973",3,2,2024-07-14
2024-07-14 20:00:00,"229,539977970247","789,719971",3,2,2024-07-14
2024-07-14 21:00:00,"229,539977970247","649,590027",3,2,2024-07-14
2024-07-14 22:00:00,"234,0035534092604","592,070007",3,2,2024-07-14
2024-07-14 23:00:00,"233,5575974173664","494,25",3,2,2024-07-14
2024-07-15 00:00:00,"383,2969275386044","434,029999",3,3,2024-07-15
2024-07-15 01:00:00,"301,8869167870391","361,059998",3,3,2024-07-15
2024-07-15 02:00:00,"242,28457530948148","388,73999",3,3,2024-07-15
2024-07-15 03:00:00,"229,56971446341362","482,160004",3,3,2024-07-15
2024-07-15 04:00:00,"228,04511255094343","482,609985",3,3,2024-07-15
2024-07-15 05:00:00,"250,19323569722118","482,380005",3,3,2024-07-15
2024-07-15 06:00:00,"284,6325216308052","482,079987",3,3,2024-07-15
2024-07-15 07:00:00,"281,39233374454113","299,200012",3,3,2024-07-15
2024-07-15 08:00:00,"278,25943287710226","196,979996",3,3,2024-07-15
2024-07-15 09:00:00,"278,25943287710226","149,449997",3,3,2024-07-15
2024-07-15 10:00:00,"278,25943287710226","3,28",3,3,2024-07-15
2024-07-15 11:00:00,"278,25943287710226","-0,07",3,3,2024-07-15
2024-07-15 12:00:00,"278,25943287710226","-0,52",3,3,2024-07-15
2024-07-15 13:00:00,"280,6521843493685","155,270004",3,3,2024-07-15
2024-07-15 14:00:00,"287,9852571651475","201,610001",3,3,2024-07-15
2024-07-15 15:00:00,"306,83569368139433","611,840027",3,3,2024-07-15
2024-07-15 16:00:00,"374,1722630321083","853,219971",3,3,2024-07-15
2024-07-15 17:00:00,"416,4083303887879","1486,98999",3,3,2024-07-15
2024-07-15 18:00:00,"390,11762460834603","1678,530029",3,3,2024-07-15
2024-07-15 19:00:00,"365,23089180890673","1071,160034",3,3,2024-07-15
2024-07-15 20:00:00,"337,94150729876213","690,030029",3,3,2024-07-15
2024-07-15 21:00:00,"330,94211303150547","597,659973",3,3,2024-07-15
2024-07-15 22:00:00,"328,6948421812592","571,47998",3,3,2024-07-15
2024-07-15 23:00:00,"303,4849367834807","475,829987",3,3,2024-07-15
2024-07-16 00:00:00,"262,9808032359453","391,660004",3,3,2024-07-16
2024-07-16 01:00:00,"234,69153360060554","274,73999",3,3,2024-07-16
2024-07-16 02:00:00,"242,74520291845562","284,730011",3,3,2024-07-16
2024-07-16 03:00:00,"275,0941133848466","375,470001",3,3,2024-07-16
2024-07-16 04:00:00,"303,0095817631971","531,859985",3,3,2024-07-16
2024-07-16 05:00:00,"322,4140054732322","593,049988",3,3,2024-07-16
2024-07-16 06:00:00,"360,7832060635189","568,349976",3,3,2024-07-16
2024-07-16 07:00:00,"404,1866508784884","440,76001",3,3,2024-07-16
2024-07-16 08:00:00,"430,90659396877163","187,960007",3,3,2024-07-16
2024-07-16 09:00:00,"425,7138191577586","158,630005",3,3,2024-07-16
2024-07-16 10:00:00,"422,34954180834166","118,190002",3,3,2024-07-16
2024-07-16 11:00:00,"422,34954180834166","101,400002",3,3,2024-07-16
2024-07-16 12:00:00,"407,5122832473329","30,290001",3,3,2024-07-16
2024-07-16 13:00:00,"407,5122832473329","21,639999",3,3,2024-07-16
2024-07-16 14:00:00,"490,33684571259766","0,07",3,3,2024-07-16
2024-07-16 15:00:00,"561,2875630861244","190,570007",3,3,2024-07-16
2024-07-16 16:00:00,"590,4004683169213","444,709991",3,3,2024-07-16
2024-07-16 17:00:00,"574,3765121162327","611,780029",3,3,2024-07-16
2024-07-16 18:00:00,"540,9288225688631","907,330017",3,3,2024-07-16
2024-07-16 19:00:00,"484,05513906306794","852,710022",3,3,2024-07-16
2024-07-16 20:00:00,"435,2603789539541","789,51001",3,3,2024-07-16
2024-07-16 21:00:00,"374,2261579814874","629,090027",3,3,2024-07-16
2024-07-16 22:00:00,"360,35222574400666","652,109985",3,3,2024-07-16
2024-07-16 23:00:00,"320,92628428132844","544,52002",3,3,2024-07-16
2024-07-17 00:00:00,"302,121469431076","543,330017",3,3,2024-07-17
2024-07-17 01:00:00,"308,0525646183216","526,23999",3,3,2024-07-17
2024-07-17 02:00:00,"296,593340989663","530,119995",3,3,2024-07-17
2024-07-17 03:00:00,"306,8034958311541","577,799988",3,3,2024-07-17
2024-07-17 04:00:00,"331,3514986741101","671,880005",3,3,2024-07-17
2024-07-17 05:00:00,"368,42008972831894","744,330017",3,3,2024-07-17
2024-07-17 06:00:00,"455,7437509511315","788,650024",3,3,2024-07-17
2024-07-17 07:00:00,"562,7719721058993","575,559998",3,3,2024-07-17
2024-07-17 08:00:00,"578,2720760125941","434,170013",3,3,2024-07-17
2024-07-17 09:00:00,"605,7708759871467","311,51001",3,3,2024-07-17
2024-07-17 10:00:00,"586,9928269752446","243,160004",3,3,2024-07-17
2024-07-17 11:00:00,"575,7565090010733","163,029999",3,3,2024-07-17
2024-07-17 12:00:00,"555,7744141041007","80,580002",3,3,2024-07-17
2024-07-17 13:00:00,"566,4142493512554","100,5",3,3,2024-07-17
2024-07-17 14:00:00,"596,304144466598","290,089996",3,3,2024-07-17
2024-07-17 15:00:00,"587,1089534076608","460,209991",3,3,2024-07-17
2024-07-17 16:00:00,"610,7877453534446","618,76001",3,3,2024-07-17
2024-07-17 17:00:00,"600,4325928924363","797,530029",3,3,2024-07-17
2024-07-17 18:00:00,"580,4713484929786","984,280029",3,3,2024-07-17
2024-07-17 19:00:00,"533,4961767742907","1044,790039",3,3,2024-07-17
2024-07-17 20:00:00,"465,84319040528607","857,369995",3,3,2024-07-17
2024-07-17 21:00:00,"424,521699889122","687,700012",3,3,2024-07-17
2024-07-17 22:00:00,"357,4339853672836","506,570007",3,3,2024-07-17
2024-07-17 23:00:00,"312,02942824890465","544,679993",3,3,2024-07-17
2024-07-18 00:00:00,"289,16807019079266","493,589996",3,3,2024-07-18
2024-07-18 01:00:00,"263,85517463810396","491,200012",3,3,2024-07-18
2024-07-18 02:00:00,"266,0365370824553","466,880005",3,3,2024-07-18
2024-07-18 03:00:00,"275,90900054931916","298,369995",3,3,2024-07-18
2024-07-18 04:00:00,"284,0680460165659","650,309998",3,3,2024-07-18
2024-07-18 05:00:00,"310,2903181856531","704,909973",3,3,2024-07-18
2024-07-18 06:00:00,"366,1704847041906","506,269989",3,3,2024-07-18
2024-07-18 07:00:00,"421,34631094883","351,339996",3,3,2024-07-18
2024-07-18 08:00:00,"407,2013953328606","270,779999",3,3,2024-07-18
2024-07-18 09:00:00,"391,53110088679676","253,470001",3,3,2024-07-18
2024-07-18 10:00:00,"392,3332490143177","253,25",3,3,2024-07-18
2024-07-18 11:00:00,"381,69974577220813","252,800003",3,3,2024-07-18
2024-07-18 12:00:00,"374,8716114778257","254,360001",3,3,2024-07-18
2024-07-18 13:00:00,"386,00703102772354","260,929993",3,3,2024-07-18
2024-07-18 14:00:00,"412,10605636020415","197,080002",3,3,2024-07-18
2024-07-18 15:00:00,"422,3326325256194","637,630005",3,3,2024-07-18
2024-07-18 16:00:00,"456,28171441643894","686,26001",3,3,2024-07-18
2024-07-18 17:00:00,"465,02152848798914","952,26001",3,3,2024-07-18
2024-07-18 18:00:00,"454,9336298295336","1382,819946",3,3,2024-07-18
2024-07-18 19:00:00,"442,10162398219","1318,290039",3,3,2024-07-18
2024-07-18 20:00:00,"359,7581538389658","891,690002",3,3,2024-07-18
2024-07-18 21:00:00,"327,8140417123453","760,26001",3,3,2024-07-18
2024-07-18 22:00:00,"291,8043137477422","672,26001",3,3,2024-07-18
2024-07-18 23:00:00,"259,3098450756099","600,200012",3,3,2024-07-18
2024-07-19 00:00:00,"234,1463301147649","596,169983",3,3,2024-07-19
2024-07-19 01:00:00,"231,0645798827172","583,47998",3,3,2024-07-19
2024-07-19 02:00:00,"229,58749920143256","606,390015",3,3,2024-07-19
2024-07-19 03:00:00,"234,50123566391548","667,039978",3,3,2024-07-19
2024-07-19 04:00:00,"236,02583757638567","827,289978",3,3,2024-07-19
2024-07-19 05:00:00,"275,2954904762907","810,72998",3,3,2024-07-19
2024-07-19 06:00:00,"297,0541271313658","734,109985",3,3,2024-07-19
2024-07-19 07:00:00,"355,6125141600548","607,51001",3,3,2024-07-19
2024-07-19 08:00:00,"354,00324076695233","522,22998",3,3,2024-07-19
2024-07-19 09:00:00,"329,54859580349796","438,299988",3,3,2024-07-19
2024-07-19 10:00:00,"321,0875160827849","330,799988",3,3,2024-07-19
2024-07-19 11:00:00,"297,3170475073242","272,309998",3,3,2024-07-19
2024-07-19 12:00:00,"289,15800204007746","270,070007",3,3,2024-07-19
2024-07-19 13:00:00,"272,0041519546355","317,369995",3,3,2024-07-19
2024-07-19 14:00:00,"291,29861697178","475,899994",3,3,2024-07-19
2024-07-19 15:00:00,"316,9999825764384","576,98999",3,3,2024-07-19
2024-07-19 16:00:00,"352,68058649279425","683,460022",3,3,2024-07-19
2024-07-19 17:00:00,"355,614926139048","888,099976",3,3,2024-07-19
2024-07-19 18:00:00,"336,9277042264755","1358,410034",3,3,2024-07-19
2024-07-19 19:00:00,"303,9101357516946","895,26001",3,3,2024-07-19
2024-07-19 20:00:00,"287,80529932744827","797,22998",3,3,2024-07-19
2024-07-19 21:00:00,"251,4378668998126","683,01001",3,3,2024-07-19
2024-07-19 22:00:00,"238,56238432259275","706,789978",3,3,2024-07-19
2024-07-19 23:00:00,"235,48063409054504","667,099976",3,3,2024-07-19
2024-07-20 00:00:00,"231,0645798827172","658,440002",3,3,2024-07-20
2024-07-20 01:00:00,"225,90178634050858","670,599976",3,3,2024-07-20
2024-07-20 02:00:00,"225,94930757169413","703,130005",3,3,2024-07-20
2024-07-20 03:00:00,"230,86304403417705","699,849976",3,3,2024-07-20
2024-07-20 04:00:00,"234,50123566391548","665,159973",3,3,2024-07-20
2024-07-20 05:00:00,"236,02583757638567","641,580017",3,3,2024-07-20
2024-07-20 06:00:00,"233,33085317596226","508,850006",3,3,2024-07-20
2024-07-20 07:00:00,"248,02108510931203","291,359985",3,3,2024-07-20
2024-07-20 08:00:00,"298,5303335644385","118,629997",3,3,2024-07-20
2024-07-20 09:00:00,"314,0794482721422","28,129999",3,3,2024-07-20
2024-07-20 10:00:00,"314,0794482721422","10,22",3,3,2024-07-20
2024-07-20 11:00:00,"309,1038574851502","0,15",3,3,2024-07-20
2024-07-20 12:00:00,"318,76593388192816","3,28",3,3,2024-07-20
2024-07-20 13:00:00,"322,23849373938884","34,32",3,3,2024-07-20
2024-07-20 14:00:00,"364,6691583645738","134,369995",3,3,2024-07-20
2024-07-20 15:00:00,"425,5688255298975","273,820007",3,3,2024-07-20
2024-07-20 16:00:00,"478,1835738322474","634,190002",3,3,2024-07-20
2024-07-20 17:00:00,"512,9940609319436","817,440002",3,3,2024-07-20
2024-07-20 18:00:00,"506,0442425475768","1005,380005",3,3,2024-07-20
2024-07-20 19:00:00,"490,95109681922236","811,840027",3,3,2024-07-20
2024-07-20 20:00:00,"414,45943134771727","627,47998",3,3,2024-07-20
2024-07-20 21:00:00,"353,4252103752506","555,929993",3,3,2024-07-20
2024-07-20 22:00:00,"309,0939640090808","474,790009",3,3,2024-07-20
2024-07-20 23:00:00,"276,6978817346483","420,089996",3,3,2024-07-20
2024-07-21 00:00:00,"238,6099055537783","411,880005",3,3,2024-07-21
2024-07-21 01:00:00,"231,60978336855783","450,540009",3,3,2024-07-21
2024-07-21 02:00:00,"230,08518145608764","496,570007",3,3,2024-07-21
2024-07-21 03:00:00,"234,50123566391548","561,419983",3,3,2024-07-21
2024-07-21 04:00:00,"236,02583757638567","480,529999",3,3,2024-07-21
2024-07-21 05:00:00,"255,94026244434775","421,809998",3,3,2024-07-21
2024-07-21 06:00:00,"268,2745947718555","303,540009",3,3,2024-07-21
2024-07-21 07:00:00,"274,2522777947509","138,559998",3,3,2024-07-21
2024-07-21 08:00:00,"273,70707430891025","7,54",3,3,2024-07-21
2024-07-21 09:00:00,"269,8540273122003","0,22",3,3,2024-07-21
2024-07-21 10:00:00,"269,8540273122003","0,15",3,3,2024-07-21
2024-07-21 11:00:00,"261,69498184495353","-0,45",3,3,2024-07-21
2024-07-21 12:00:00,"261,69498184495353","-1,34",3,3,2024-07-21
2024-07-21 13:00:00,"261,8011402684472","0,3",3,3,2024-07-21
2024-07-21 14:00:00,"269,960185735694","139,380005",3,3,2024-07-21
2024-07-21 15:00:00,"269,8540273122003","307,640015",3,3,2024-07-21
2024-07-21 16:00:00,"271,11712973667073","600,289978",3,3,2024-07-21
2024-07-21 17:00:00,"267,7240777392539","807,880005",3,3,2024-07-21
2024-07-21 18:00:00,"249,201885592366","841,150024",3,3,2024-07-21
2024-07-21 19:00:00,"225,37267460730115","919,950012",3,3,2024-07-21
2024-07-21 20:00:00,"217,58662062256775","814,590027",3,3,2024-07-21
2024-07-21 21:00:00,"228,7069420851919","672,73999",3,3,2024-07-21
2024-07-21 22:00:00,"234,0035534092604","901,669983",3,3,2024-07-21
2024-07-21 23:00:00,"236,02583757638567","721,02002",3,3,2024-07-21
2024-07-22 00:00:00,"585,7663673861787","648,27002",3,4,2024-07-22
2024-07-22 01:00:00,"474,9990210666629","648,640015",3,4,2024-07-22
2024-07-22 02:00:00,"389,9729734888545","610,659973",3,4,2024-07-22
2024-07-22 03:00:00,"315,86377937143294","591,859985",3,4,2024-07-22
2024-07-22 04:00:00,"256,2614378938753","811,159973",3,4,2024-07-22
2024-07-22 05:00:00,"263,73992886329205","896,070007",3,4,2024-07-22
2024-07-22 06:00:00,"307,98517255018913","852,719971",3,4,2024-07-22
2024-07-22 07:00:00,"319,90733354000446","703,929993",3,4,2024-07-22
2024-07-22 08:00:00,"311,98073650111195","473,290009",3,4,2024-07-22
2024-07-22 09:00:00,"309,7993740567606","291,600006",3,4,2024-07-22
2024-07-22 10:00:00,"297,5893318601346","191,089996",3,4,2024-07-22
2024-07-22 11:00:00,"296,67638538701465","174,300003",3,4,2024-07-22
2024-07-22 12:00:00,"296,67638538701465","144,830002",3,4,2024-07-22
2024-07-22 13:00:00,"297,5893318601346","152,070007",3,4,2024-07-22
2024-07-22 14:00:00,"296,67638538701465","170,279999",3,4,2024-07-22
2024-07-22 15:00:00,"310,8612415503294","463,820007",3,4,2024-07-22
2024-07-22 16:00:00,"348,34034827494645","603,719971",3,4,2024-07-22
2024-07-22 17:00:00,"373,46970808201496","739,0",3,4,2024-07-22
2024-07-22 18:00:00,"381,1772835867933","1043,660034",3,4,2024-07-22
2024-07-22 19:00:00,"362,76265164988746","1046,569946",3,4,2024-07-22
2024-07-22 20:00:00,"330,1090771464504","828,539978",3,4,2024-07-22
2024-07-22 21:00:00,"330,94211303150547","712,73999",3,4,2024-07-22
2024-07-22 22:00:00,"328,6948421812592","618,22998",3,4,2024-07-22
2024-07-22 23:00:00,"303,4849367834807","559,349976",3,4,2024-07-22
2024-07-23 00:00:00,"262,9808032359453","547,630005",3,4,2024-07-23
2024-07-23 01:00:00,"239,10758780843338","508,380005",3,4,2024-07-23
2024-07-23 02:00:00,"242,74520291845562","526,52002",3,4,2024-07-23
2024-07-23 03:00:00,"275,0941133848466","549,799988",3,4,2024-07-23
2024-07-23 04:00:00,"303,0095817631971","745,450012",3,4,2024-07-23
2024-07-23 05:00:00,"320,4525370258451","865,590027",3,4,2024-07-23
2024-07-23 06:00:00,"357,98870173107673","824,179993",3,4,2024-07-23
2024-07-23 07:00:00,"395,6777690651357","651,359985",3,4,2024-07-23
2024-07-23 08:00:00,"423,4416762604201","513,909973",3,4,2024-07-23
2024-07-23 09:00:00,"417,0816471471962","457,940002",3,4,2024-07-23
2024-07-23 10:00:00,"415,4633521559543","324,0",3,4,2024-07-23
2024-07-23 11:00:00,"417,64471460030563","285,720001",3,4,2024-07-23
2024-07-23 12:00:00,"405,41614493780736","268,709991",3,4,2024-07-23
2024-07-23 13:00:00,"401,0561601343609","313,100006",3,4,2024-07-23
2024-07-23 14:00:00,"489,50380982754257","483,980011",3,4,2024-07-23
2024-07-23 15:00:00,"560,3746166130044","593,450012",3,4,2024-07-23
2024-07-23 16:00:00,"588,0282956875576","596,359985",3,4,2024-07-23
2024-07-23 17:00:00,"574,3765121162327","716,570007",3,4,2024-07-23
2024-07-23 18:00:00,"540,9288225688631","872,530029",3,4,2024-07-23
2024-07-23 19:00:00,"484,05513906306794","761,200012",3,4,2024-07-23
2024-07-23 20:00:00,"435,2603789539541","740,450012",3,4,2024-07-23
2024-07-23 21:00:00,"374,2261579814874","683,369995",3,4,2024-07-23
2024-07-23 22:00:00,"360,35222574400666","623,359985",3,4,2024-07-23
2024-07-23 23:00:00,"320,92628428132844","584,419983",3,4,2024-07-23
2024-07-24 00:00:00,"302,121469431076","541,369995",3,4,2024-07-24
2024-07-24 01:00:00,"308,0525646183216","549,130005",3,4,2024-07-24
2024-07-24 02:00:00,"296,593340989663","423,630005",3,4,2024-07-24
2024-07-24 03:00:00,"306,8034958311541","299,179993",3,4,2024-07-24
2024-07-24 04:00:00,"330,518462789055","323,429993",3,4,2024-07-24
2024-07-24 05:00:00,"364,97836494475337","336,190002",3,4,2024-07-24
2024-07-24 06:00:00,"453,04876655070814","429,079987",3,4,2024-07-24
2024-07-24 07:00:00,"560,5799856741143","270,23999",3,4,2024-07-24
2024-07-24 08:00:00,"576,9032469244648","186,520004",3,4,2024-07-24
2024-07-24 09:00:00,"604,4020468990175","158,100006",3,4,2024-07-24
2024-07-24 10:00:00,"581,8582625313858","11,79",3,4,2024-07-24
2024-07-24 11:00:00,"575,7565090010733","0,0",3,4,2024-07-24
2024-07-24 12:00:00,"551,6635434584725","0,0",3,4,2024-07-24
2024-07-24 13:00:00,"555,9559558678478","-0,6",3,4,2024-07-24
2024-07-24 14:00:00,"577,1335983352153","124,599998",3,4,2024-07-24
2024-07-24 15:00:00,"585,8458509831904","184,880005",3,4,2024-07-24
2024-07-24 16:00:00,"609,8747988803246","387,149994",3,4,2024-07-24
2024-07-24 17:00:00,"600,4325928924363","668,5",3,4,2024-07-24
2024-07-24 18:00:00,"592,2984710645154","809,659973",3,4,2024-07-24
2024-07-24 19:00:00,"539,9047605153628","881,210022",3,4,2024-07-24
2024-07-24 20:00:00,"485,2254686910039","813,320007",3,4,2024-07-24
2024-07-24 21:00:00,"459,6152377066506","631,570007",3,4,2024-07-24
2024-07-24 22:00:00,"404,06241146940664","624,570007",3,4,2024-07-24
2024-07-24 23:00:00,"341,1667776146717","578,299988",3,4,2024-07-24
2024-07-25 00:00:00,"313,2364612689937","567,859985",3,4,2024-07-25
2024-07-25 01:00:00,"289,73679721505675","596,359985",3,4,2024-07-25
2024-07-25 02:00:00,"272,5829471296148","570,090027",3,4,2024-07-25
2024-07-25 03:00:00,"278,37724070833843","690,460022",3,4,2024-07-25
2024-07-25 04:00:00,"286,5362861755852","792,159973",3,4,2024-07-25
2024-07-25 05:00:00,"316,74644129862514","813,580017",3,4,2024-07-25
2024-07-25 06:00:00,"370,5272009657609","678,890015",3,4,2024-07-25
2024-07-25 07:00:00,"418,63937241186056","537,109985",3,4,2024-07-25
2024-07-25 08:00:00,"417,64471460030563","411,0",3,4,2024-07-25
2024-07-25 09:00:00,"403,7809406638432","275,720001",3,4,2024-07-25
2024-07-25 10:00:00,"400,44055415081533","177,070007",3,4,2024-07-25
2024-07-25 11:00:00,"387,32283300012506","133,869995",3,4,2024-07-25
2024-07-25 12:00:00,"380,4946987057426","128,490005",3,4,2024-07-25
2024-07-25 13:00:00,"392,46315414069556","166,029999",3,4,2024-07-25
2024-07-25 14:00:00,"417,7291435881211","401,450012",3,4,2024-07-25
2024-07-25 15:00:00,"423,5377702601682","596,960022",3,4,2024-07-25
2024-07-25 16:00:00,"457,11475030149404","723,809998",3,4,2024-07-25
2024-07-25 17:00:00,"465,02152848798914","947,150024",3,4,2024-07-25
2024-07-25 18:00:00,"454,9336298295336","1161,97998",3,4,2024-07-25
2024-07-25 19:00:00,"442,10162398219","982,070007",3,4,2024-07-25
2024-07-25 20:00:00,"359,7581538389658","746,200012",3,4,2024-07-25
2024-07-25 21:00:00,"327,8140417123453","633,890015",3,4,2024-07-25
2024-07-25 22:00:00,"291,8043137477422","604,460022",3,4,2024-07-25
2024-07-25 23:00:00,"258,47680919055483","548,48999",3,4,2024-07-25
2024-07-26 00:00:00,"233,3132942297098","559,76001",3,4,2024-07-26
2024-07-26 01:00:00,"230,2315439976621","576,849976",3,4,2024-07-26
2024-07-26 02:00:00,"227,1192590424133","573,859985",3,4,2024-07-26
2024-07-26 03:00:00,"232,0329955048962","596,919983",3,4,2024-07-26
2024-07-26 04:00:00,"236,02583757638567","608,109985",3,4,2024-07-26
2024-07-26 05:00:00,"275,2954904762907","795,940002",3,4,2024-07-26
2024-07-26 06:00:00,"302,048976514173","776,840027",3,4,2024-07-26
2024-07-26 07:00:00,"353,51380238902453","722,590027",3,4,2024-07-26
2024-07-26 08:00:00,"348,81022007845075","675,570007",3,4,2024-07-26
2024-07-26 09:00:00,"323,09247269052594","607,070007",3,4,2024-07-26
2024-07-26 10:00:00,"300,553876807593","522,369995",3,4,2024-07-26
2024-07-26 11:00:00,"297,02485624589536","471,029999",3,4,2024-07-26
2024-07-26 12:00:00,"287,0592902690472","449,160004",3,4,2024-07-26
2024-07-26 13:00:00,"267,7240777392539","508,48999",3,4,2024-07-26
2024-07-26 14:00:00,"287,0185427563984","543,559998",3,4,2024-07-26
2024-07-26 15:00:00,"312,7199083610568","660,580017",3,4,2024-07-26
2024-07-26 16:00:00,"349,09887830032926","704,01001",3,4,2024-07-26
2024-07-26 17:00:00,"351,12027147346305","804,380005",3,4,2024-07-26
2024-07-26 18:00:00,"334,4594640674562","1068,98999",3,4,2024-07-26
2024-07-26 19:00:00,"303,9101357516946","1037,280029",3,4,2024-07-26
2024-07-26 20:00:00,"287,80529932744827","793,929993",3,4,2024-07-26
2024-07-26 21:00:00,"251,4378668998126","730,650024",3,4,2024-07-26
2024-07-26 22:00:00,"238,56238432259275","775,22998",3,4,2024-07-26
2024-07-26 23:00:00,"235,48063409054504","768,890015",3,4,2024-07-26
2024-07-27 00:00:00,"231,0645798827172","723,070007",3,4,2024-07-27
2024-07-27 01:00:00,"225,90178634050858","710,080017",3,4,2024-07-27
2024-07-27 02:00:00,"225,94930757169413","690,01001",3,4,2024-07-27
2024-07-27 03:00:00,"230,86304403417705","673,070007",3,4,2024-07-27
2024-07-27 04:00:00,"234,50123566391548","649,929993",3,4,2024-07-27
2024-07-27 05:00:00,"236,02583757638567","615,01001",3,4,2024-07-27
2024-07-27 06:00:00,"233,33085317596226","632,02002",3,4,2024-07-27
2024-07-27 07:00:00,"248,02108510931203","505,0",3,4,2024-07-27
2024-07-27 08:00:00,"298,5303335644385","453,589996",3,4,2024-07-27
2024-07-27 09:00:00,"314,0794482721422","297,76001",3,4,2024-07-27
2024-07-27 10:00:00,"314,0794482721422","208,960007",3,4,2024-07-27
2024-07-27 11:00:00,"309,1038574851502","132,839996",3,4,2024-07-27
2024-07-27 12:00:00,"317,93289799687307","133,729996",3,4,2024-07-27
2024-07-27 13:00:00,"321,40545785433375","261,350006",3,4,2024-07-27
2024-07-27 14:00:00,"365,5021942496289","505,380005",3,4,2024-07-27
2024-07-27 15:00:00,"424,7357896448424","649,710022",3,4,2024-07-27
2024-07-27 16:00:00,"478,1835738322474","783,369995",3,4,2024-07-27
2024-07-27 17:00:00,"515,3662335613074","870,830017",3,4,2024-07-27
2024-07-27 18:00:00,"506,0442425475768","918,669983",3,4,2024-07-27
2024-07-27 19:00:00,"490,95109681922236","909,109985",3,4,2024-07-27
2024-07-27 20:00:00,"414,45943134771727","806,719971",3,4,2024-07-27
2024-07-27 21:00:00,"353,4252103752506","730,900024",3,4,2024-07-27
2024-07-27 22:00:00,"309,0939640090808","820,820007",3,4,2024-07-27
2024-07-27 23:00:00,"276,6978817346483","709,780029",3,4,2024-07-27
2024-07-28 00:00:00,"234,19385134595046","658,280029",3,4,2024-07-28
2024-07-28 01:00:00,"231,60978336855783","608,429993",3,4,2024-07-28
2024-07-28 02:00:00,"230,08518145608764","586,119995",3,4,2024-07-28
2024-07-28 03:00:00,"234,50123566391548","591,48999",3,4,2024-07-28
2024-07-28 04:00:00,"236,02583757638567","563,659973",3,4,2024-07-28
2024-07-28 05:00:00,"256,77329832940285","541,869995",3,4,2024-07-28
2024-07-28 06:00:00,"273,2140161488958","189,699997",3,4,2024-07-28
2024-07-28 07:00:00,"270,39923079804095","37,240002",3,4,2024-07-28
2024-07-28 08:00:00,"269,960185735694","0,0",3,4,2024-07-28
2024-07-28 09:00:00,"269,960185735694","-18,129999",3,4,2024-07-28
2024-07-28 10:00:00,"269,960185735694","-112,239998",3,4,2024-07-28
2024-07-28 11:00:00,"261,8011402684472","-222,389999",3,4,2024-07-28
2024-07-28 12:00:00,"261,8011402684472","-363,359985",3,4,2024-07-28
2024-07-28 13:00:00,"261,8011402684472","-250,220001",3,4,2024-07-28
2024-07-28 14:00:00,"269,960185735694","-99,099998",3,4,2024-07-28
2024-07-28 15:00:00,"269,960185735694","-1,94",3,4,2024-07-28
2024-07-28 16:00:00,"271,22328816016443","37,09",3,4,2024-07-28
2024-07-28 17:00:00,"263,97718916603765","349,480011",3,4,2024-07-28
2024-07-28 18:00:00,"245,45499701914972","588,580017",3,4,2024-07-28
2024-07-28 19:00:00,"221,51962761059116","579,630005",3,4,2024-07-28
2024-07-28 20:00:00,"208,95370338200453","589,400024",3,4,2024-07-28
2024-07-28 21:00:00,"208,95370338200453","322,98999",3,4,2024-07-28
2024-07-28 22:00:00,"218,91451305572514","382,160004",3,4,2024-07-28
2024-07-28 23:00:00,"222,79316125956527","275,670013",3,4,2024-07-28
2024-09-30 00:00:00,"122,20855279074152","62,630001",4,1,2024-09-30
2024-09-30 01:00:00,"153,97862295824496","41,23",4,1,2024-09-30
2024-09-30 02:00:00,"185,844562623441","67,25",4,1,2024-09-30
2024-09-30 03:00:00,"201,46395787881931","126,599998",4,1,2024-09-30
2024-09-30 04:00:00,"221,07197315406017","314,869995",4,1,2024-09-30
2024-09-30 05:00:00,"254,85881605015328","597,22998",4,1,2024-09-30
2024-09-30 06:00:00,"301,5290494372171","597,22998",4,1,2024-09-30
2024-09-30 07:00:00,"300,9389353022493","447,359985",4,1,2024-09-30
2024-09-30 08:00:00,"295,4132829625442","272,73999",4,1,2024-09-30
2024-09-30 09:00:00,"295,4132829625442","155,910004",4,1,2024-09-30
2024-09-30 10:00:00,"295,4132829625442","69,190002",4,1,2024-09-30
2024-09-30 11:00:00,"295,4132829625442","15,36",4,1,2024-09-30
2024-09-30 12:00:00,"295,4132829625442","94,919998",4,1,2024-09-30
2024-09-30 13:00:00,"295,4132829625442","125,709999",4,1,2024-09-30
2024-09-30 14:00:00,"296,67638538701465","180,360001",4,1,2024-09-30
2024-09-30 15:00:00,"307,6633173778213","243,960007",4,1,2024-09-30
2024-09-30 16:00:00,"351,6254673774302","268,339996",4,1,2024-09-30
2024-09-30 17:00:00,"366,9660859641205","273,119995",4,1,2024-09-30
2024-09-30 18:00:00,"340,49537230663424","127,5",4,1,2024-09-30
2024-09-30 19:00:00,"314,82754384180834","31,24",4,1,2024-09-30
2024-09-30 20:00:00,"291,3278797878714","24,459999",4,1,2024-09-30
2024-09-30 21:00:00,"274,17402970242944","24,23",4,1,2024-09-30
2024-09-30 22:00:00,"272,8477225897431","23,93",4,1,2024-09-30
2024-09-30 23:00:00,"254,82321269751023","0,52",4,1,2024-09-30
2024-10-01 00:00:00,"224,70917459668277","0,37",4,1,2024-10-01
2024-10-01 01:00:00,"214,93164662991683","0,15",4,1,2024-10-01
2024-10-01 02:00:00,"217,71027348105144","0,67",4,1,2024-10-01
2024-10-01 03:00:00,"240,3035721104572","24,6",4,1,2024-10-01
2024-10-01 04:00:00,"266,6618921692303","75,080002",4,1,2024-10-01
2024-10-01 05:00:00,"284,6325216308052","293,910004",4,1,2024-10-01
2024-10-01 06:00:00,"323,0017222210919","308,079987",4,1,2024-10-01
2024-10-01 07:00:00,"377,4499007092592","309,5",4,1,2024-10-01
2024-10-01 08:00:00,"416,48217152751636","288,170013",4,1,2024-10-01
2024-10-01 09:00:00,"413,6542850039565","260,880005",4,1,2024-10-01
2024-10-01 10:00:00,"406,0717462850648","232,919998",4,1,2024-10-01
2024-10-01 11:00:00,"406,0717462850648","223,600006",4,1,2024-10-01
2024-10-01 12:00:00,"391,31439831212094","260,660004",4,1,2024-10-01
2024-10-01 13:00:00,"391,31439831212094","296,079987",4,1,2024-10-01
2024-10-01 14:00:00,"480,1032045050354","324,779999",4,1,2024-10-01
2024-10-01 15:00:00,"547,0292935057141","393,0",4,1,2024-10-01
2024-10-01 16:00:00,"566,4636591993421","405,600006",4,1,2024-10-01
2024-10-01 17:00:00,"549,3771898779539","421,410004",4,1,2024-10-01
2024-10-01 18:00:00,"491,19351755770157","366,829987",4,1,2024-10-01
2024-10-01 19:00:00,"401,3527746904271","345,429993",4,1,2024-10-01
2024-10-01 20:00:00,"341,3497185120655","321,649994",4,1,2024-10-01
2024-10-01 21:00:00,"316,8042915801103","309,940002",4,1,2024-10-01
2024-10-01 22:00:00,"294,03382345445414","432,829987",4,1,2024-10-01
2024-10-01 23:00:00,"265,0791646898122","367,350006",4,1,2024-10-01
2024-10-02 00:00:00,"258,9756830141752","373,540009",4,1,2024-10-02
2024-10-02 01:00:00,"264,9067782014208","365,339996",4,1,2024-10-02
2024-10-02 02:00:00,"255,16587624727705","300,230011",4,1,2024-10-02
2024-10-02 03:00:00,"256,38370638379314","363,470001",4,1,2024-10-02
2024-10-02 04:00:00,"276,8208385811209","596,440002",4,1,2024-10-02
2024-10-02 05:00:00,"308,4585020250608","692,869995",4,1,2024-10-02
2024-10-02 06:00:00,"405,8194422724716","913,830017",4,1,2024-10-02
2024-10-02 07:00:00,"517,8716890046717","701,219971",4,1,2024-10-02
2024-10-02 08:00:00,"555,3264100321185","484,880005",4,1,2024-10-02
2024-10-02 09:00:00,"575,9380507648203","394,420013",4,1,2024-10-02
2024-10-02 10:00:00,"581,8582625313858","431,040009",4,1,2024-10-02
2024-10-02 11:00:00,"571,645638355445","597,109985",4,1,2024-10-02
2024-10-02 12:00:00,"551,6635434584725","584,659973",4,1,2024-10-02
2024-10-02 13:00:00,"567,6773517757258","607,26001",4,1,2024-10-02
2024-10-02 14:00:00,"610,1458159963665","607,849976",4,1,2024-10-02
2024-10-02 15:00:00,"622,1458048260455","746,48999",4,1,2024-10-02
2024-10-02 16:00:00,"647,3795106779421","872,590027",4,1,2024-10-02
2024-10-02 17:00:00,"618,1775336518473","969,97998",4,1,2024-10-02
2024-10-02 18:00:00,"589,7243091124407","852,900024",4,1,2024-10-02
2024-10-02 19:00:00,"527,2920781809962","719,940002",4,1,2024-10-02
2024-10-02 20:00:00,"472,409231480046","695,780029",4,1,2024-10-02
2024-10-02 21:00:00,"434,3389906134818","633,880005",4,1,2024-10-02
2024-10-02 22:00:00,"359,9182032758643","502,230011",4,1,2024-10-02
2024-10-02 23:00:00,"312,02942824890465","491,26001",4,1,2024-10-02
2024-10-03 00:00:00,"289,16807019079266","485,890015",4,1,2024-10-03
2024-10-03 01:00:00,"263,85517463810396","478,730011",4,1,2024-10-03
2024-10-03 02:00:00,"258,97840775840996","477,23999",4,1,2024-10-03
2024-10-03 03:00:00,"259,5236112442506","480,369995",4,1,2024-10-03
2024-10-03 04:00:00,"266,3138276233681","488,059998",4,1,2024-10-03
2024-10-03 05:00:00,"306,43727118894316","547,280029",4,1,2024-10-03
2024-10-03 06:00:00,"367,4966400164847","571,900024",4,1,2024-10-03
2024-10-03 07:00:00,"416,105791255406","543,780029",4,1,2024-10-03
2024-10-03 08:00:00,"406,0717462850648","516,77002",4,1,2024-10-03
2024-10-03 09:00:00,"389,1383494145305","470,230011",4,1,2024-10-03
2024-10-03 10:00:00,"382,6074247262724","351,25",4,1,2024-10-03
2024-10-03 11:00:00,"369,48970357558215","253,460007",4,1,2024-10-03
2024-10-03 12:00:00,"365,1577235216483","291,950012",4,1,2024-10-03
2024-10-03 13:00:00,"370,32889934389624","383,109985",4,1,2024-10-03
2024-10-03 14:00:00,"403,54911240500337","492,609985",4,1,2024-10-03
2024-10-03 15:00:00,"419,2576960447866","669,090027",4,1,2024-10-03
2024-10-03 16:00:00,"459,9891652220011","821,039978",4,1,2024-10-03
2024-10-03 17:00:00,"459,86754883571666","860,200012",4,1,2024-10-03
2024-10-03 18:00:00,"452,31815865722916","807,679993",4,1,2024-10-03
2024-10-03 19:00:00,"439,4861528098856","736,669983",4,1,2024-10-03
2024-10-03 20:00:00,"359,7581538389658","678,48999",4,1,2024-10-03
2024-10-03 21:00:00,"327,8140417123453","607,630005",4,1,2024-10-03
2024-10-03 22:00:00,"291,8043137477422","551,23999",4,1,2024-10-03
2024-10-03 23:00:00,"259,3098450756099","540,950012",4,1,2024-10-03
2024-10-04 00:00:00,"234,1463301147649","537,809998",4,1,2024-10-04
2024-10-04 01:00:00,"231,0645798827172","537,070007",4,1,2024-10-04
2024-10-04 02:00:00,"229,58749920143256","539,530029",4,1,2024-10-04
2024-10-04 03:00:00,"230,08518145608764","575,109985",4,1,2024-10-04
2024-10-04 04:00:00,"230,08518145608764","768,299988",4,1,2024-10-04
2024-10-04 05:00:00,"273,7708885638205","943,890015",4,1,2024-10-04
2024-10-04 06:00:00,"302,8820123992281","1054,890015",4,1,2024-10-04
2024-10-04 07:00:00,"356,87561658452523","867,289978",4,1,2024-10-04
2024-10-04 08:00:00,"354,00324076695233","746,599976",4,1,2024-10-04
2024-10-04 09:00:00,"329,54859580349796","634,039978",4,1,2024-10-04
2024-10-04 10:00:00,"321,0875160827849","559,969971",4,1,2024-10-04
2024-10-04 11:00:00,"297,3170475073242","548,179993",4,1,2024-10-04
2024-10-04 12:00:00,"289,15800204007746","565,559998",4,1,2024-10-04
2024-10-04 13:00:00,"272,0041519546355","589,799988",4,1,2024-10-04
2024-10-04 14:00:00,"292,56171939625045","669,840027",4,1,2024-10-04
2024-10-04 15:00:00,"319,17603147402883","798,890015",4,1,2024-10-04
2024-10-04 16:00:00,"355,5550014133013","984,400024",4,1,2024-10-04
2024-10-04 17:00:00,"354,96092341413066","1111,579956",4,1,2024-10-04
2024-10-04 18:00:00,"334,3122330541711","922,710022",4,1,2024-10-04
2024-10-04 19:00:00,"303,1459179141386","745,179993",4,1,2024-10-04
2024-10-04 20:00:00,"287,80529932744827","745,179993",4,1,2024-10-04
2024-10-04 21:00:00,"251,4378668998126","671,330017",4,1,2024-10-04
2024-10-04 22:00:00,"238,56238432259275","694,340027",4,1,2024-10-04
2024-10-04 23:00:00,"235,48063409054504","631,23999",4,1,2024-10-04
2024-10-05 00:00:00,"231,0645798827172","607,080017",4,1,2024-10-05
2024-10-05 01:00:00,"225,90178634050858","563,380005",4,1,2024-10-05
2024-10-05 02:00:00,"225,94930757169413","564,719971",4,1,2024-10-05
2024-10-05 03:00:00,"226,4469898263492","595,299988",4,1,2024-10-05
2024-10-05 04:00:00,"230,08518145608764","642,880005",4,1,2024-10-05
2024-10-05 05:00:00,"234,50123566391548","748,780029",4,1,2024-10-05
2024-10-05 06:00:00,"236,02583757638567","825,0",4,1,2024-10-05
2024-10-05 07:00:00,"251,15398597675087","768,169983",4,1,2024-10-05
2024-10-05 08:00:00,"301,6120837964862","614,690002",4,1,2024-10-05
2024-10-05 09:00:00,"314,0794482721422","509,160004",4,1,2024-10-05
2024-10-05 10:00:00,"314,0794482721422","383,640015",4,1,2024-10-05
2024-10-05 11:00:00,"309,1038574851502","289,970001",4,1,2024-10-05
2024-10-05 12:00:00,"318,76593388192816","324,350006",4,1,2024-10-05
2024-10-05 13:00:00,"323,5015961638593","469,26001",4,1,2024-10-05
2024-10-05 14:00:00,"367,6782431472193","575,159973",4,1,2024-10-05
2024-10-05 15:00:00,"430,1170470568517","741,919983",4,1,2024-10-05
2024-10-05 16:00:00,"484,2631972671733","1108,630005",4,1,2024-10-05
2024-10-05 17:00:00,"510,2122539090352","1068,579956",4,1,2024-10-05
2024-10-05 18:00:00,"490,64184387083816","799,719971",4,1,2024-10-05
2024-10-05 19:00:00,"473,6099901616122","720,140015",4,1,2024-10-05
2024-10-05 20:00:00,"414,45943134771727","635,640015",4,1,2024-10-05
2024-10-05 21:00:00,"353,4252103752506","499,690002",4,1,2024-10-05
2024-10-05 22:00:00,"309,0939640090808","486,98999",4,1,2024-10-05
2024-10-05 23:00:00,"276,6978817346483","452,100006",4,1,2024-10-05
2024-10-06 00:00:00,"234,19385134595046","440,549988",4,1,2024-10-06
2024-10-06 01:00:00,"231,60978336855783","433,320007",4,1,2024-10-06
2024-10-06 02:00:00,"230,08518145608764","424,369995",4,1,2024-10-06
2024-10-06 03:00:00,"230,08518145608764","433,320007",4,1,2024-10-06
2024-10-06 04:00:00,"230,08518145608764","431,829987",4,1,2024-10-06
2024-10-06 05:00:00,"255,24869641693266","524,929993",4,1,2024-10-06
2024-10-06 06:00:00,"278,37724070833843","575,469971",4,1,2024-10-06
2024-10-06 07:00:00,"283,8413017751618","492,429993",4,1,2024-10-06
2024-10-06 08:00:00,"280,1631974218823","193,960007",4,1,2024-10-06
2024-10-06 09:00:00,"280,1631974218823","126,720001",4,1,2024-10-06
2024-10-06 10:00:00,"280,1631974218823","105,849998",4,1,2024-10-06
2024-10-06 11:00:00,"271,1711160695804","93,330002",4,1,2024-10-06
2024-10-06 12:00:00,"266,81113126613394","113,900002",4,1,2024-10-06
2024-10-06 13:00:00,"266,81113126613394","139,539993",4,1,2024-10-06
2024-10-06 14:00:00,"274,9701767333807","202,759995",4,1,2024-10-06
2024-10-06 15:00:00,"275,88312320650067","677,890015",4,1,2024-10-06
2024-10-06 16:00:00,"278,064485650852","792,390015",4,1,2024-10-06
2024-10-06 17:00:00,"270,94774285565063","724,710022",4,1,2024-10-06
2024-10-06 18:00:00,"252,42555070876276","544,01001",4,1,2024-10-06
2024-10-06 19:00:00,"222,19297276708565","442,559998",4,1,2024-10-06
2024-10-06 20:00:00,"217,58662062256775","437,48999",4,1,2024-10-06
2024-10-06 21:00:00,"217,58662062256775","385,459991",4,1,2024-10-06
2024-10-06 22:00:00,"218,91451305572514","257,769989",4,1,2024-10-06
2024-10-06 23:00:00,"222,79316125956527","263,429993",4,1,2024-10-06
2024-10-07 00:00:00,"216,49780798347652","247,850006",4,2,2024-10-07
2024-10-07 01:00:00,"211,89145583895848","224,75",4,2,2024-10-07
2024-10-07 02:00:00,"209,49890686784516","260,529999",4,2,2024-10-07
2024-10-07 03:00:00,"209,49890686784516","291,910004",4,2,2024-10-07
2024-10-07 04:00:00,"202,82742105574658","335,369995",4,2,2024-10-07
2024-10-07 05:00:00,"227,39011977999323","378,299988",4,2,2024-10-07
2024-10-07 06:00:00,"280,02616948628713","414,089996",4,2,2024-10-07
2024-10-07 07:00:00,"284,0873181449645","383,75",4,2,2024-10-07
2024-10-07 08:00:00,"280,4354817746927","372,420013",4,2,2024-10-07
2024-10-07 09:00:00,"280,4354817746927","356,309998",4,2,2024-10-07
2024-10-07 10:00:00,"280,4354817746927","340,880005",4,2,2024-10-07
2024-10-07 11:00:00,"280,4354817746927","322,019989",4,2,2024-10-07
2024-10-07 12:00:00,"280,4354817746927","358,399994",4,2,2024-10-07
2024-10-07 13:00:00,"284,789701694346","458,070007",4,2,2024-10-07
2024-10-07 14:00:00,"292,122774510125","661,869995",4,2,2024-10-07
2024-10-07 15:00:00,"312,7797315359732","873,640015",4,2,2024-10-07
2024-10-07 16:00:00,"381,05405485594326","1405,060059",4,2,2024-10-07
2024-10-07 17:00:00,"412,79348748082407","1405,359985",4,2,2024-10-07
2024-10-07 18:00:00,"380,5339363496672","909,27002",4,2,2024-10-07
2024-10-07 19:00:00,"361,7823847515472","744,909973",4,2,2024-10-07
2024-10-07 20:00:00,"330,94211303150547","685,119995",4,2,2024-10-07
2024-10-07 21:00:00,"330,94211303150547","589,780029",4,2,2024-10-07
2024-10-07 22:00:00,"328,6948421812592","539,340027",4,2,2024-10-07
2024-10-07 23:00:00,"303,4849367834807","500,119995",4,2,2024-10-07
2024-10-08 00:00:00,"262,9808032359453","477,149994",4,2,2024-10-08
2024-10-08 01:00:00,"234,69153360060554","444,940002",4,2,2024-10-08
2024-10-08 02:00:00,"242,74520291845562","445,089996",4,2,2024-10-08
2024-10-08 03:00:00,"266,10178867987145","502,799988",4,2,2024-10-08
2024-10-08 04:00:00,"291,5490168992027","641,049988",4,2,2024-10-08
2024-10-08 05:00:00,"298,8040322748182","822,98999",4,2,2024-10-08
2024-10-08 06:00:00,"354,32708295054687","792,200012",4,2,2024-10-08
2024-10-08 07:00:00,"402,62443894936024","633,820007",4,2,2024-10-08
2024-10-08 08:00:00,"424,94726209279787","598,98999",4,2,2024-10-08
2024-10-08 09:00:00,"414,7149843896425","547,469971",4,2,2024-10-08
2024-10-08 10:00:00,"406,9846927581848","495,940002",4,2,2024-10-08
2024-10-08 11:00:00,"406,9846927581848","529,200012",4,2,2024-10-08
2024-10-08 12:00:00,"395,66861823177425","565,140015",4,2,2024-10-08
2024-10-08 13:00:00,"395,66861823177425","578,119995",4,2,2024-10-08
2024-10-08 14:00:00,"486,7551375201327","754,539978",4,2,2024-10-08
2024-10-08 15:00:00,"564,78816827782","942,080017",4,2,2024-10-08
2024-10-08 16:00:00,"592,3619367643084","1168,97998",4,2,2024-10-08
2024-10-08 17:00:00,"569,2225324639604","1254,209961",4,2,2024-10-08
2024-10-08 18:00:00,"533,8133744692037","853,119995",4,2,2024-10-08
2024-10-08 19:00:00,"476,9396909634084","707,640015",4,2,2024-10-08
2024-10-08 20:00:00,"435,2603789539541","645,75",4,2,2024-10-08
2024-10-08 21:00:00,"374,2261579814874","504,070007",4,2,2024-10-08
2024-10-08 22:00:00,"360,35222574400666","461,859985",4,2,2024-10-08
2024-10-08 23:00:00,"320,92628428132844","447,459991",4,2,2024-10-08
2024-10-09 00:00:00,"302,121469431076","428,670013",4,2,2024-10-09
2024-10-09 01:00:00,"308,0525646183216","405,100006",4,2,2024-10-09
2024-10-09 02:00:00,"296,593340989663","427,480011",4,2,2024-10-09
2024-10-09 03:00:00,"297,811171126179","476,329987",4,2,2024-10-09
2024-10-09 04:00:00,"322,35917396913493","646,590027",4,2,2024-10-09
2024-10-09 05:00:00,"355,87397547407085","829,22998",4,2,2024-10-09
2024-10-09 06:00:00,"448,5988181424705","827,659973",4,2,2024-10-09
2024-10-09 07:00:00,"565,2499674380126","648,820007",4,2,2024-10-09
2024-10-09 08:00:00,"580,4640624443791","537,630005",4,2,2024-10-09
2024-10-09 09:00:00,"607,0339784116171","446,720001",4,2,2024-10-09
2024-10-09 10:00:00,"588,255929399715","445,970001",4,2,2024-10-09
2024-10-09 11:00:00,"583,9960063498371","446,350006",4,2,2024-10-09
2024-10-09 12:00:00,"566,3860840822283","504,369995",4,2,2024-10-09
2024-10-09 13:00:00,"591,2658866244429","575,51001",4,2,2024-10-09
2024-10-09 14:00:00,"614,6248915361618","708,48999",4,2,2024-10-09
2024-10-09 15:00:00,"628,4314008754423","875,909973",4,2,2024-10-09
2024-10-09 16:00:00,"653,0025979058591","913,799988",4,2,2024-10-09
2024-10-09 17:00:00,"629,2030192388021","948,030029",4,2,2024-10-09
2024-10-09 18:00:00,"608,0253767714346","828,179993",4,2,2024-10-09
2024-10-09 19:00:00,"536,7771953696563","714,450012",4,2,2024-10-09
2024-10-09 20:00:00,"485,2254686910039","709,22998",4,2,2024-10-09
2024-10-09 21:00:00,"459,6152377066506","614,070007",4,2,2024-10-09
2024-10-09 22:00:00,"404,06241146940664","456,399994",4,2,2024-10-09
2024-10-09 23:00:00,"341,1667776146717","349,73999",4,2,2024-10-09
2024-10-10 00:00:00,"313,2364612689937","281,559998",4,2,2024-10-10
2024-10-10 01:00:00,"290,56983310011185","238,679993",4,2,2024-10-10
2024-10-10 02:00:00,"273,4159830146699","221,070007",4,2,2024-10-10
2024-10-10 03:00:00,"273,96118650051056","295,359985",4,2,2024-10-10
2024-10-10 04:00:00,"281,2871960827022","463,179993",4,2,2024-10-10
2024-10-10 05:00:00,"314,27820113960587","633,23999",4,2,2024-10-10
2024-10-10 06:00:00,"376,7911812796508","600,119995",4,2,2024-10-10
2024-10-10 07:00:00,"435,3783342073986","503,459991",4,2,2024-10-10
2024-10-10 08:00:00,"406,9846927581848","387,920013",4,2,2024-10-10
2024-10-10 09:00:00,"391,31439831212094","290,369995",4,2,2024-10-10
2024-10-10 10:00:00,"384,78347362386285","163,270004",4,2,2024-10-10
2024-10-10 11:00:00,"371,6657524731726","118,889999",4,2,2024-10-10
2024-10-10 12:00:00,"367,3337724192387","149,25",4,2,2024-10-10
2024-10-10 13:00:00,"372,50494824148666","277,309998",4,2,2024-10-10
2024-10-10 14:00:00,"409,59164069008443","277,309998",4,2,2024-10-10
2024-10-10 15:00:00,"414,56723147707646","285,140015",4,2,2024-10-10
2024-10-10 16:00:00,"442,77023844830364","294,470001",4,2,2024-10-10
2024-10-10 17:00:00,"418,544363613612","288,200012",4,2,2024-10-10
2024-10-10 18:00:00,"386,9678862902976","274,630005",4,2,2024-10-10
2024-10-10 19:00:00,"376,6914171873163","186,759995",4,2,2024-10-10
2024-10-10 20:00:00,"335,48453918202193","100,540001",4,2,2024-10-10
2024-10-10 21:00:00,"303,5404270554014","24,540001",4,2,2024-10-10
2024-10-10 22:00:00,"266,2606834748636","24,389999",4,2,2024-10-10
2024-10-10 23:00:00,"249,10683338942155","24,389999",4,2,2024-10-10
2024-10-11 00:00:00,"211,13117481269327","24,459999",4,2,2024-10-11
2024-10-11 01:00:00,"204,67476654101927","24,389999",4,2,2024-10-11
2024-10-11 02:00:00,"195,78477065808332","24,389999",4,2,2024-10-11
2024-10-11 03:00:00,"187,97364105835865","24,459999",4,2,2024-10-11
2024-10-11 04:00:00,"197,68531766141552","252,839996",4,2,2024-10-11
2024-10-11 05:00:00,"248,60793845675047","439,230011",4,2,2024-10-11
2024-10-11 06:00:00,"301,66296447720765","593,919983",4,2,2024-10-11
2024-10-11 07:00:00,"339,1223977480472","400,670013",4,2,2024-10-11
2024-10-11 08:00:00,"339,0990877775847","367,859985",4,2,2024-10-11
2024-10-11 09:00:00,"319,34558411730967","183,929993",4,2,2024-10-11
2024-10-11 10:00:00,"295,54388580990627","156,929993",4,2,2024-10-11
2024-10-11 11:00:00,"287,11403582113593","252,990005",4,2,2024-10-11
2024-10-11 12:00:00,"261,8011402684472","251,949997",4,2,2024-10-11
2024-10-11 13:00:00,"263,0642426929177","298,119995",4,2,2024-10-11
2024-10-11 14:00:00,"277,30741045553236","298,859985",4,2,2024-10-11
2024-10-11 15:00:00,"300,50986616443083","496,660004",4,2,2024-10-11
2024-10-11 16:00:00,"340,65041666409877","939,330017",4,2,2024-10-11
2024-10-11 17:00:00,"335,582824313205","1208,060059",4,2,2024-10-11
2024-10-11 18:00:00,"310,0386183972272","895,02002",4,2,2024-10-11
2024-10-11 19:00:00,"272,10505340655277","744,289978",4,2,2024-10-11
2024-10-11 20:00:00,"254,84504489761713","733,98999",4,2,2024-10-11
2024-10-11 21:00:00,"229,6672188277736","655,080017",4,2,2024-10-11
2024-10-11 22:00:00,"225,01569115652205","672,190002",4,2,2024-10-11
2024-10-11 23:00:00,"222,24795777372464","592,580017",4,2,2024-10-11
2024-10-12 00:00:00,"214,7272183023029","563,929993",4,2,2024-10-12
2024-10-12 01:00:00,"213,57324458114522","559,75",4,2,2024-10-12
2024-10-12 02:00:00,"211,22821684121746","536,619995",4,2,2024-10-12
2024-10-12 03:00:00,"211,72589909587253","506,619995",4,2,2024-10-12
2024-10-12 04:00:00,"222,70573552387302","534,460022",4,2,2024-10-12
2024-10-12 05:00:00,"230,22647499529475","400,149994",4,2,2024-10-12
2024-10-12 06:00:00,"228,04511255094343","378,359985",4,2,2024-10-12
2024-10-12 07:00:00,"240,68904304272777","310,910004",4,2,2024-10-12
2024-10-12 08:00:00,"285,3898205945456","263,390015",4,2,2024-10-12
2024-10-12 09:00:00,"278,25943287710226","255,770004",4,2,2024-10-12
2024-10-12 10:00:00,"278,25943287710226","184,970001",4,2,2024-10-12
2024-10-12 11:00:00,"273,2838420901102","106,919998",4,2,2024-10-12
2024-10-12 12:00:00,"279,5225353015727","174,149994",4,2,2024-10-12
2024-10-12 13:00:00,"288,5945272419393","263,459991",4,2,2024-10-12
2024-10-12 14:00:00,"330,1195297359149","218,990005",4,2,2024-10-12
2024-10-12 15:00:00,"409,51550143853757","423,799988",4,2,2024-10-12
2024-10-12 16:00:00,"453,79614912514825","361,950012",4,2,2024-10-12
2024-10-12 17:00:00,"465,16888409267483","299,049988",4,2,2024-10-12
2024-10-12 18:00:00,"438,89116028262845","207,429993",4,2,2024-10-12
2024-10-12 19:00:00,"387,85837518697","134,899994",4,2,2024-10-12
2024-10-12 20:00:00,"338,34180597965843","102,220001",4,2,2024-10-12
2024-10-12 21:00:00,"305,63733358045647","41,779999",4,2,2024-10-12
2024-10-12 22:00:00,"270,40069450300655","0,0",4,2,2024-10-12
2024-10-12 23:00:00,"249,341019963018","-0,07",4,2,2024-10-12
2024-10-13 00:00:00,"215,95856628773194","-0,52",4,2,2024-10-13
2024-10-13 01:00:00,"214,93164662991683","-2,76",4,2,2024-10-13
2024-10-13 02:00:00,"214,2787771116984","-3,81",4,2,2024-10-13
2024-10-13 03:00:00,"214,2787771116984","-0,67",4,2,2024-10-13
2024-10-13 04:00:00,"214,2787771116984","-0,07",4,2,2024-10-13
2024-10-13 05:00:00,"248,79257330396055","0,15",4,2,2024-10-13
2024-10-13 06:00:00,"266,35514945473795","20,52",4,2,2024-10-13
2024-10-13 07:00:00,"276,2271160659032","29,1",4,2,2024-10-13
2024-10-13 08:00:00,"275,78807100355624","36,630001",4,2,2024-10-13
2024-10-13 09:00:00,"275,78807100355624","46,330002",4,2,2024-10-13
2024-10-13 10:00:00,"272,1362346332844","47,599998",4,2,2024-10-13
2024-10-13 11:00:00,"263,0642426929177","52,970001",4,2,2024-10-13
2024-10-13 12:00:00,"263,0642426929177","59,09",4,2,2024-10-13
2024-10-13 13:00:00,"262,958084269424","94,610001",4,2,2024-10-13
2024-10-13 14:00:00,"272,28398754585044","118,260002",4,2,2024-10-13
2024-10-13 15:00:00,"272,0300762097907","156,240005",4,2,2024-10-13
2024-10-13 16:00:00,"272,0300762097907","260,920013",4,2,2024-10-13
2024-10-13 17:00:00,"260,2560389774537","373,799988",4,2,2024-10-13
2024-10-13 18:00:00,"239,19354494688653","294,790009",4,2,2024-10-13
2024-10-13 19:00:00,"213,51849608543307","286,730011",4,2,2024-10-13
2024-10-13 20:00:00,"207,21402392910966","299,410004",4,2,2024-10-13
2024-10-13 21:00:00,"202,28221756990595","274,640015",4,2,2024-10-13
2024-10-13 22:00:00,"205,69805910061837","276,809998",4,2,2024-10-13
2024-10-13 23:00:00,"203,42800797247602","263,0",4,2,2024-10-13
2024-10-14 00:00:00,"216,49780798347652","262,410004",4,3,2024-10-14
2024-10-14 01:00:00,"211,89145583895848","256,359985",4,3,2024-10-14
2024-10-14 02:00:00,"215,64760619982764","293,450012",4,3,2024-10-14
2024-10-14 03:00:00,"218,13182410840838","464,079987",4,3,2024-10-14
2024-10-14 04:00:00,"218,13182410840838","736,710022",4,3,2024-10-14
2024-10-14 05:00:00,"250,19323569722118","973,900024",4,3,2024-10-14
2024-10-14 06:00:00,"299,0448315286364","1142,449951",4,3,2024-10-14
2024-10-14 07:00:00,"310,9669925184517","879,960022",4,3,2024-10-14
2024-10-14 08:00:00,"299,98208333240086","753,200012",4,3,2024-10-14
2024-10-14 09:00:00,"299,0691368592809","695,599976",4,3,2024-10-14
2024-10-14 10:00:00,"296,67638538701465","643,450012",4,3,2024-10-14
2024-10-14 11:00:00,"299,0691368592809","616,289978",4,3,2024-10-14
2024-10-14 12:00:00,"299,0691368592809","553,320007",4,3,2024-10-14
2024-10-14 13:00:00,"307,3151561481799","649,710022",4,3,2024-10-14
2024-10-14 14:00:00,"313,78725701071335","789,309998",4,3,2024-10-14
2024-10-14 15:00:00,"332,40182178043443","1182,660034",4,3,2024-10-14
2024-10-14 16:00:00,"397,2277093276887","1865,280029",4,3,2024-10-14
2024-10-14 17:00:00,"413,62652336587917","1964,290039",4,3,2024-10-14
2024-10-14 18:00:00,"383,0021765086865","1178,859985",4,3,2024-10-14
2024-10-14 19:00:00,"362,6154206366023","851,460022",4,3,2024-10-14
2024-10-14 20:00:00,"330,94211303150547","743,580017",4,3,2024-10-14
2024-10-14 21:00:00,"330,94211303150547","707,309998",4,3,2024-10-14
2024-10-14 22:00:00,"328,6948421812592","680,679993",4,3,2024-10-14
2024-10-14 23:00:00,"303,4849367834807","645,320007",4,3,2024-10-14
2024-10-15 00:00:00,"262,9808032359453","659,190002",4,3,2024-10-15
2024-10-15 01:00:00,"234,69153360060554","627,039978",4,3,2024-10-15
2024-10-15 02:00:00,"242,74520291845562","602,859985",4,3,2024-10-15
2024-10-15 03:00:00,"266,10178867987145","667,849976",4,3,2024-10-15
2024-10-15 04:00:00,"294,01725705822196","854,530029",4,3,2024-10-15
2024-10-15 05:00:00,"305,26015538779023","1383,22998",4,3,2024-10-15
2024-10-15 06:00:00,"360,7832060635189","1317,719971",4,3,2024-10-15
2024-10-15 07:00:00,"402,64751413417974","824,76001",4,3,2024-10-15
2024-10-15 08:00:00,"430,82668338070675","692,02002",4,3,2024-10-15
2024-10-15 09:00:00,"423,5377702601682","619,650024",4,3,2024-10-15
2024-10-15 10:00:00,"421,9194752689263","585,47998",4,3,2024-10-15
2024-10-15 11:00:00,"421,9194752689263","535,340027",4,3,2024-10-15
2024-10-15 12:00:00,"407,5122832473329","566,299988",4,3,2024-10-15
2024-10-15 13:00:00,"407,5122832473329","621,960022",4,3,2024-10-15
2024-10-15 14:00:00,"491,24979218571764","664,27002",4,3,2024-10-15
2024-10-15 15:00:00,"565,6212041628752","900,48999",4,3,2024-10-15
2024-10-15 16:00:00,"601,0741894122835","1020,609985",4,3,2024-10-15
2024-10-15 17:00:00,"569,2225324639604","726,049988",4,3,2024-10-15
2024-10-15 18:00:00,"533,8133744692037","568,98999",4,3,2024-10-15
2024-10-15 19:00:00,"476,9396909634084","497,290009",4,3,2024-10-15
2024-10-15 20:00:00,"435,2603789539541","445,059998",4,3,2024-10-15
2024-10-15 21:00:00,"374,2261579814874","304,269989",4,3,2024-10-15
2024-10-15 22:00:00,"360,35222574400666","174,210007",4,3,2024-10-15
2024-10-15 23:00:00,"320,92628428132844","95,5",4,3,2024-10-15
2024-10-16 00:00:00,"302,121469431076","39,540001",4,3,2024-10-16
2024-10-16 01:00:00,"307,2195287332665","26,93",4,3,2024-10-16
2024-10-16 02:00:00,"289,2138950574484","24,25",4,3,2024-10-16
2024-10-16 03:00:00,"268,7039636930578","61,18",4,3,2024-10-16
2024-10-16 04:00:00,"283,434675811654","301,049988",4,3,2024-10-16
2024-10-16 05:00:00,"316,92359259034225","353,720001",4,3,2024-10-16
2024-10-16 06:00:00,"405,8194422724716","406,23999",4,3,2024-10-16
2024-10-16 07:00:00,"521,1568081071554","354,76001",4,3,2024-10-16
2024-10-16 08:00:00,"556,5895124565889","199,059998",4,3,2024-10-16
2024-10-16 09:00:00,"575,9380507648203","105,650002",4,3,2024-10-16
2024-10-16 10:00:00,"577,7473918857576","30,51",4,3,2024-10-16
2024-10-16 11:00:00,"571,645638355445","22,01",4,3,2024-10-16
2024-10-16 12:00:00,"552,9266458829429","30,809999",4,3,2024-10-16
2024-10-16 13:00:00,"557,2190582923182","104,830002",4,3,2024-10-16
2024-10-16 14:00:00,"581,6818198621694","123,550003",4,3,2024-10-16
2024-10-16 15:00:00,"590,3940725101445","263,0",4,3,2024-10-16
2024-10-16 16:00:00,"613,1599179828083","277,470001",4,3,2024-10-16
2024-10-16 17:00:00,"592,0637128639315","272,470001",4,3,2024-10-16
2024-10-16 18:00:00,"558,4550010431589","267,470001",4,3,2024-10-16
2024-10-16 19:00:00,"508,2952913235807","85,730003",4,3,2024-10-16
2024-10-16 20:00:00,"447,1226155089234","37,830002",4,3,2024-10-16
2024-10-16 21:00:00,"399,9182278598659","37,75",4,3,2024-10-16
2024-10-16 22:00:00,"350,20707097499826","24,549999",4,3,2024-10-16
2024-10-16 23:00:00,"308,2825396756884","24,549999",4,3,2024-10-16
2024-10-17 00:00:00,"285,4211816175764","24,549999",4,3,2024-10-17
2024-10-17 01:00:00,"260,1082860648877","24,469999",4,3,2024-10-17
2024-10-17 02:00:00,"257,7157370937744","24,4",4,3,2024-10-17
2024-10-17 03:00:00,"258,26094057961507","24,469999",4,3,2024-10-17
2024-10-17 04:00:00,"266,4199860468618","261,730011",4,3,2024-10-17
2024-10-17 05:00:00,"306,54342961243685","298,660004",4,3,2024-10-17
2024-10-17 06:00:00,"365,1038885442185","306,790009",4,3,2024-10-17
2024-10-17 07:00:00,"419,39091035788977","301,869995",4,3,2024-10-17
2024-10-17 08:00:00,"406,0717462850648","286,940002",4,3,2024-10-17
2024-10-17 09:00:00,"389,1383494145305","287,089996",4,3,2024-10-17
2024-10-17 10:00:00,"382,6074247262724","290,670013",4,3,2024-10-17
2024-10-17 11:00:00,"369,48970357558215","305,299988",4,3,2024-10-17
2024-10-17 12:00:00,"366,4208259461187","322,980011",4,3,2024-10-17
2024-10-17 13:00:00,"372,50494824148666","474,140015",4,3,2024-10-17
2024-10-17 14:00:00,"411,9843921623507","691,469971",4,3,2024-10-17
2024-10-17 15:00:00,"418,92145139672976","893,059998",4,3,2024-10-17
2024-10-17 16:00:00,"453,53304210902905","1292,290039",4,3,2024-10-17
2024-10-17 17:00:00,"450,3067404591507","1275,810059",4,3,2024-10-17
2024-10-17 18:00:00,"418,2642958651987","876,650024",4,3,2024-10-17
2024-10-17 19:00:00,"389,01167449658095","729,75",4,3,2024-10-17
2024-10-17 20:00:00,"347,8047964912866","664,390015",4,3,2024-10-17
2024-10-17 21:00:00,"320,4345957801307","613,359985",4,3,2024-10-17
2024-10-17 22:00:00,"276,4636951610519","603,929993",4,3,2024-10-17
2024-10-17 23:00:00,"259,3098450756099","605,5",4,3,2024-10-17
2024-10-18 00:00:00,"234,1463301147649","617,210022",4,3,2024-10-18
2024-10-18 01:00:00,"231,0645798827172","588,190002",4,3,2024-10-18
2024-10-18 02:00:00,"229,58749920143256","605,72998",4,3,2024-10-18
2024-10-18 03:00:00,"230,08518145608764","629,22998",4,3,2024-10-18
2024-10-18 04:00:00,"230,08518145608764","737,780029",4,3,2024-10-18
2024-10-18 05:00:00,"269,35483435599264","1117,449951",4,3,2024-10-18
2024-10-18 06:00:00,"302,8820123992281","1165,640015",4,3,2024-10-18
2024-10-18 07:00:00,"359,75003150503227","828,130005",4,3,2024-10-18
2024-10-18 08:00:00,"356,17928966454275","714,429993",4,3,2024-10-18
2024-10-18 09:00:00,"331,7246447010884","636,390015",4,3,2024-10-18
2024-10-18 10:00:00,"323,2635649803753","618,929993",4,3,2024-10-18
2024-10-18 11:00:00,"299,49309640491464","598,340027",4,3,2024-10-18
2024-10-18 12:00:00,"291,3340509376679","605,72998",4,3,2024-10-18
2024-10-18 13:00:00,"274,18020085222594","629,22998",4,3,2024-10-18
2024-10-18 14:00:00,"293,4746658693704","770,599976",4,3,2024-10-18
2024-10-18 15:00:00,"321,1374999214159","997,26001",4,3,2024-10-18
2024-10-18 16:00:00,"355,5550014133013","1352,459961",4,3,2024-10-18
2024-10-18 17:00:00,"354,96092341413066","1063,72998",4,3,2024-10-18
2024-10-18 18:00:00,"334,3122330541711","770,309998",4,3,2024-10-18
2024-10-18 19:00:00,"303,1459179141386","722,409973",4,3,2024-10-18
2024-10-18 20:00:00,"287,80529932744827","695,77002",4,3,2024-10-18
2024-10-18 21:00:00,"251,4378668998126","638,179993",4,3,2024-10-18
2024-10-18 22:00:00,"238,56238432259275","649,27002",4,3,2024-10-18
2024-10-18 23:00:00,"235,48063409054504","619,210022",4,3,2024-10-18
2024-10-19 00:00:00,"231,0645798827172","595,940002",4,3,2024-10-19
2024-10-19 01:00:00,"225,90178634050858","561,27002",4,3,2024-10-19
2024-10-19 02:00:00,"225,94930757169413","565,809998",4,3,2024-10-19
2024-10-19 03:00:00,"226,4469898263492","572,530029",4,3,2024-10-19
2024-10-19 04:00:00,"230,08518145608764","596,619995",4,3,2024-10-19
2024-10-19 05:00:00,"230,08518145608764","685,440002",4,3,2024-10-19
2024-10-19 06:00:00,"234,50123566391548","668,659973",4,3,2024-10-19
2024-10-19 07:00:00,"251,380730218155","630,919983",4,3,2024-10-19
2024-10-19 08:00:00,"298,2888615509531","587,669983",4,3,2024-10-19
2024-10-19 09:00:00,"306,4022096750599","546,799988",4,3,2024-10-19
2024-10-19 10:00:00,"308,8864275836406","493,399994",4,3,2024-10-19
2024-10-19 11:00:00,"306,09219924099995","454,619995",4,3,2024-10-19
2024-10-19 12:00:00,"316,6672221108979","476,470001",4,3,2024-10-19
2024-10-19 13:00:00,"317,95841952400724","589,679993",4,3,2024-10-19
2024-10-19 14:00:00,"365,5557611109981","731,52002",4,3,2024-10-19
2024-10-19 15:00:00,"429,61027534521946","813,929993",4,3,2024-10-19
2024-10-19 16:00:00,"481,79495710815405","1012,900024",4,3,2024-10-19
2024-10-19 17:00:00,"500,651445532469","886,940002",4,3,2024-10-19
2024-10-19 18:00:00,"468,4628279652083","721,900024",4,3,2024-10-19
2024-10-19 19:00:00,"448,3337430684433","672,530029",4,3,2024-10-19
2024-10-19 20:00:00,"367,08267881019736","625,179993",4,3,2024-10-19
2024-10-19 21:00:00,"324,9569851569778","546,869995",4,3,2024-10-19
2024-10-19 22:00:00,"302,6378408961088","403,059998",4,3,2024-10-19
2024-10-19 23:00:00,"272,42312106602765","409,470001",4,3,2024-10-19
2024-10-20 00:00:00,"231,7256111869312","407,079987",4,3,2024-10-20
2024-10-20 01:00:00,"229,25214557103254","417,0",4,3,2024-10-20
2024-10-20 02:00:00,"230,08518145608764","444,450012",4,3,2024-10-20
2024-10-20 03:00:00,"229,25214557103254","241,880005",4,3,2024-10-20
2024-10-20 04:00:00,"229,25214557103254","240,389999",4,3,2024-10-20
2024-10-20 05:00:00,"249,99960632404967","291,329987",4,3,2024-10-20
2024-10-20 06:00:00,"277,54420482328334","359,950012",4,3,2024-10-20
2024-10-20 07:00:00,"285,7032502905301","341,230011",4,3,2024-10-20
2024-10-20 08:00:00,"279,0213376207005","47,509998",4,3,2024-10-20
2024-10-20 09:00:00,"276,8399751763491","0,6",4,3,2024-10-20
2024-10-20 10:00:00,"273,70707430891025","0,0",4,3,2024-10-20
2024-10-20 11:00:00,"266,81113126613394","-7,31",4,3,2024-10-20
2024-10-20 12:00:00,"268,9924937104853","-14,99",4,3,2024-10-20
2024-10-20 13:00:00,"267,7240777392539","0,0",4,3,2024-10-20
2024-10-20 14:00:00,"275,88312320650067","38,040001",4,3,2024-10-20
2024-10-20 15:00:00,"278,064485650852","413,570007",4,3,2024-10-20
2024-10-20 16:00:00,"275,88312320650067","318,25",4,3,2024-10-20
2024-10-20 17:00:00,"260,1082860648877","268,950012",4,3,2024-10-20
2024-10-20 18:00:00,"239,19354494688653","252,919998",4,3,2024-10-20
2024-10-20 19:00:00,"213,51849608543307","156,259995",4,3,2024-10-20
2024-10-20 20:00:00,"207,21402392910966","90,620003",4,3,2024-10-20
2024-10-20 21:00:00,"202,28221756990595","14,39",4,3,2024-10-20
2024-10-20 22:00:00,"205,69805910061837","-0,75",4,3,2024-10-20
2024-10-20 23:00:00,"203,42800797247602","-0,75",4,3,2024-10-20
2024-10-21 00:00:00,"61,05655911306979","-1,04",4,4,2024-10-21
2024-10-21 01:00:00,"75,64112758887661","-0,6",4,4,2024-10-21
2024-10-21 02:00:00,"94,95079239040045","-0,3",4,4,2024-10-21
2024-10-21 03:00:00,"109,6375155770211","24,24",4,4,2024-10-21
2024-10-21 04:00:00,"116,6414232516291","32,59",4,4,2024-10-21
2024-10-21 05:00:00,"137,83580167634895","301,170013",4,4,2024-10-21
2024-10-21 06:00:00,"218,18590994486556","292,070007",4,4,2024-10-21
2024-10-21 07:00:00,"279,4809660004465","240,160004",4,4,2024-10-21
2024-10-21 08:00:00,"280,4354817746927","215,399994",4,4,2024-10-21
2024-10-21 09:00:00,"280,4354817746927","208,690002",4,4,2024-10-21
2024-10-21 10:00:00,"280,4354817746927","188,479996",4,4,2024-10-21
2024-10-21 11:00:00,"280,4354817746927","209,729996",4,4,2024-10-21
2024-10-21 12:00:00,"280,4354817746927","168,710007",4,4,2024-10-21
2024-10-21 13:00:00,"280,4354817746927","434,609985",4,4,2024-10-21
2024-10-21 14:00:00,"284,789701694346","670,289978",4,4,2024-10-21
2024-10-21 15:00:00,"306,30763067343975","969,900024",4,4,2024-10-21
2024-10-21 16:00:00,"375,43096762802634","1582,319946",4,4,2024-10-21
2024-10-21 17:00:00,"406,2470774336646","1404,810059",4,4,2024-10-21
2024-10-21 18:00:00,"380,5339363496672","957,969971",4,4,2024-10-21
2024-10-21 19:00:00,"362,6154206366023","750,320007",4,4,2024-10-21
2024-10-21 20:00:00,"330,94211303150547","729,440002",4,4,2024-10-21
2024-10-21 21:00:00,"330,94211303150547","693,419983",4,4,2024-10-21
2024-10-21 22:00:00,"328,6948421812592","666,929993",4,4,2024-10-21
2024-10-21 23:00:00,"303,4849367834807","652,76001",4,4,2024-10-21
2024-10-22 00:00:00,"262,9808032359453","639,109985",4,4,2024-10-22
2024-10-22 01:00:00,"234,69153360060554","623,52002",4,4,2024-10-22
2024-10-22 02:00:00,"242,74520291845562","619,190002",4,4,2024-10-22
2024-10-22 03:00:00,"266,10178867987145","641,419983",4,4,2024-10-22
2024-10-22 04:00:00,"294,01725705822196","731,960022",4,4,2024-10-22
2024-10-22 05:00:00,"298,992847845214","1182,300049",4,4,2024-10-22
2024-10-22 06:00:00,"360,7832060635189","1268,819946",4,4,2024-10-22
2024-10-22 07:00:00,"406,9811552109306","846,080017",4,4,2024-10-22
2024-10-22 08:00:00,"431,7396298538267","740,02002",4,4,2024-10-22
2024-10-22 09:00:00,"418,3447495716666","654,469971",4,4,2024-10-22
2024-10-22 10:00:00,"407,2013953328606","575,109985",4,4,2024-10-22
2024-10-22 11:00:00,"407,2013953328606","528,650024",4,4,2024-10-22
2024-10-22 12:00:00,"389,1383494145305","548,409973",4,4,2024-10-22
2024-10-22 13:00:00,"390,40145183900097","649,469971",4,4,2024-10-22
2024-10-22 14:00:00,"480,25095741760146","289,380005",4,4,2024-10-22
2024-10-22 15:00:00,"556,867367954459","759,109985",4,4,2024-10-22
2024-10-22 16:00:00,"583,6081005558923","1043,579956",4,4,2024-10-22
2024-10-22 17:00:00,"557,3640109919504","1176,560059",4,4,2024-10-22
2024-10-22 18:00:00,"493,6964841426064","850,400024",4,4,2024-10-22
2024-10-22 19:00:00,"401,3527746904271","697,72998",4,4,2024-10-22
2024-10-22 20:00:00,"341,3497185120655","713,919983",4,4,2024-10-22
2024-10-22 21:00:00,"323,4181288106434","658,950012",4,4,2024-10-22
2024-10-22 22:00:00,"315,0412219064943","561,400024",4,4,2024-10-22
2024-10-22 23:00:00,"299,1295425816661","620,690002",4,4,2024-10-22
2024-10-23 00:00:00,"299,6532292720567","611,669983",4,4,2024-10-23
2024-10-23 01:00:00,"307,2195287332665","620,539978",4,4,2024-10-23
2024-10-23 02:00:00,"295,7603051046079","639,859985",4,4,2024-10-23
2024-10-23 03:00:00,"296,9781352411239","675,950012",4,4,2024-10-23
2024-10-23 04:00:00,"322,35917396913493","780,950012",4,4,2024-10-23
2024-10-23 05:00:00,"344,27365511908437","1025,329956",4,4,2024-10-23
2024-10-23 06:00:00,"447,7657822574154","1205,72998",4,4,2024-10-23
2024-10-23 07:00:00,"563,6147631640484","957,690002",4,4,2024-10-23
2024-10-23 08:00:00,"582,6454248887305","776,330017",4,4,2024-10-23
2024-10-23 09:00:00,"606,6997599944614","693,700012",4,4,2024-10-23
2024-10-23 10:00:00,"587,9217109825593","600,929993",4,4,2024-10-23
2024-10-23 11:00:00,"580,8910734449321","574,75",4,4,2024-10-23
2024-10-23 12:00:00,"562,17208097243","562,450012",4,4,2024-10-23
2024-10-23 13:00:00,"577,8837482516602","657,830017",4,4,2024-10-23
2024-10-23 14:00:00,"612,4435290918104","696,22998",4,4,2024-10-23
2024-10-23 15:00:00,"628,4314008754423","1009,669983",4,4,2024-10-23
2024-10-23 16:00:00,"651,367393631895","1479,349976",4,4,2024-10-23
2024-10-23 17:00:00,"622,6566091916426","1312,52002",4,4,2024-10-23
2024-10-23 18:00:00,"601,4789667242751","833,080017",4,4,2024-10-23
2024-10-23 19:00:00,"536,7771953696563","754,849976",4,4,2024-10-23
2024-10-23 20:00:00,"485,2254686910039","767,599976",4,4,2024-10-23
2024-10-23 21:00:00,"459,6152377066506","694,73999",4,4,2024-10-23
2024-10-23 22:00:00,"404,89544735446174","647,059998",4,4,2024-10-23
2024-10-23 23:00:00,"341,99981349972677","597,460022",4,4,2024-10-23
2024-10-24 00:00:00,"314,0694971540488","582,469971",4,4,2024-10-24
2024-10-24 01:00:00,"290,56983310011185","564,349976",4,4,2024-10-24
2024-10-24 02:00:00,"273,4159830146699","532,200012",4,4,2024-10-24
2024-10-24 03:00:00,"273,96118650051056","597,909973",4,4,2024-10-24
2024-10-24 04:00:00,"282,1202319677573","748,409973",4,4,2024-10-24
2024-10-24 05:00:00,"312,3303870907973","1057,98999",4,4,2024-10-24
2024-10-24 06:00:00,"375,18365381357137","1233,47998",4,4,2024-10-24
2024-10-24 07:00:00,"444,1321704158145","874,820007",4,4,2024-10-24
2024-10-24 08:00:00,"440,5161396877909","760,049988",4,4,2024-10-24
2024-10-24 09:00:00,"407,5122832473329","693,969971",4,4,2024-10-24
2024-10-24 10:00:00,"402,5366924603409","626,169983",4,4,2024-10-24
2024-10-24 11:00:00,"389,4189713096506","590,299988",4,4,2024-10-24
2024-10-24 12:00:00,"382,59083701526816","607,900024",4,4,2024-10-24
2024-10-24 13:00:00,"393,726256565166","713,72998",4,4,2024-10-24
2024-10-24 14:00:00,"420,7382283707666","866,400024",4,4,2024-10-24
2024-10-24 15:00:00,"426,8422517200906","921,659973",4,4,2024-10-24
2024-10-24 16:00:00,"454,9054538906774","1034,430054",4,4,2024-10-24
2024-10-24 17:00:00,"450,3067404591507","851,630005",4,4,2024-10-24
2024-10-24 18:00:00,"418,2642958651987","720,52002",4,4,2024-10-24
2024-10-24 19:00:00,"389,01167449658095","698,369995",4,4,2024-10-24
2024-10-24 20:00:00,"347,8047964912866","670,47998",4,4,2024-10-24
2024-10-24 21:00:00,"315,86068436466604","623,559998",4,4,2024-10-24
2024-10-24 22:00:00,"270,00757204807985","615,460022",4,4,2024-10-24
2024-10-24 23:00:00,"256,84160491659065","612,25",4,4,2024-10-24
2024-10-25 00:00:00,"231,67808995574563","594,48999",4,4,2024-10-25
2024-10-25 01:00:00,"227,07173781122773","616,200012",4,4,2024-10-25
2024-10-25 02:00:00,"227,1192590424133","630,150024",4,4,2024-10-25
2024-10-25 03:00:00,"222,70573552387302","705,650024",4,4,2024-10-25
2024-10-25 04:00:00,"227,61694129706837","812,700012",4,4,2024-10-25
2024-10-25 05:00:00,"268,52179847093754","923,190002",4,4,2024-10-25
2024-10-25 06:00:00,"302,8820123992281","1123,410034",4,4,2024-10-25
2024-10-25 07:00:00,"359,75003150503227","913,340027",4,4,2024-10-25
2024-10-25 08:00:00,"355,34625377948765","806,809998",4,4,2024-10-25
2024-10-25 09:00:00,"330,8916088160333","700,5",4,4,2024-10-25
2024-10-25 10:00:00,"322,3506185072553","604,859985",4,4,2024-10-25
2024-10-25 11:00:00,"298,58014993179467","583,22998",4,4,2024-10-25
2024-10-25 12:00:00,"291,3340509376679","615,22998",4,4,2024-10-25
2024-10-25 13:00:00,"274,18020085222594","741,01001",4,4,2024-10-25
2024-10-25 14:00:00,"293,4746658693704","880,51001",4,4,2024-10-25
2024-10-25 15:00:00,"321,1374999214159","1184,140015",4,4,2024-10-25
2024-10-25 16:00:00,"352,9395302409969","1695,829956",4,4,2024-10-25
2024-10-25 17:00:00,"354,96092341413066","1379,0",4,4,2024-10-25
2024-10-25 18:00:00,"334,3122330541711","924,01001",4,4,2024-10-25
2024-10-25 19:00:00,"303,1459179141386","867,530029",4,4,2024-10-25
2024-10-25 20:00:00,"287,80529932744827","850,150024",4,4,2024-10-25
2024-10-25 21:00:00,"251,4378668998126","801,210022",4,4,2024-10-25
2024-10-25 22:00:00,"238,56238432259275","860,150024",4,4,2024-10-25
2024-10-25 23:00:00,"235,48063409054504","818,0",4,4,2024-10-25
2024-10-26 00:00:00,"231,0645798827172","797,929993",4,4,2024-10-26
2024-10-26 01:00:00,"225,90178634050858","804,200012",4,4,2024-10-26
2024-10-26 02:00:00,"225,94930757169413","788,599976",4,4,2024-10-26
2024-10-26 03:00:00,"226,4469898263492","796,960022",4,4,2024-10-26
2024-10-26 04:00:00,"230,08518145608764","850,0",4,4,2024-10-26
2024-10-26 05:00:00,"230,08518145608764","937,890015",4,4,2024-10-26
2024-10-26 06:00:00,"234,50123566391548","940,059998",4,4,2024-10-26
2024-10-26 07:00:00,"253,84897037717428","877,159973",4,4,2024-10-26
2024-10-26 08:00:00,"307,4399690643485","756,450012",4,4,2024-10-26
2024-10-26 09:00:00,"316,2554971697326","607,900024",4,4,2024-10-26
2024-10-26 10:00:00,"315,34255069661265","509,940002",4,4,2024-10-26
2024-10-26 11:00:00,"310,3669599096206","472,269989",4,4,2024-10-26
2024-10-26 12:00:00,"320,0290363063986","481,589996",4,4,2024-10-26
2024-10-26 13:00:00,"324,41454263697926","607,599976",4,4,2024-10-26
2024-10-26 14:00:00,"387,35250281066044","750,549988",4,4,2024-10-26
2024-10-26 15:00:00,"448,5933833748322","938,039978",4,4,2024-10-26
2024-10-26 16:00:00,"493,5683646887881","1125,829956",4,4,2024-10-26
2024-10-26 17:00:00,"510,2122539090352","885,890015",4,4,2024-10-26
2024-10-26 18:00:00,"489,80880798578306","719,809998",4,4,2024-10-26
2024-10-26 19:00:00,"471,1417500025929","662,219971",4,4,2024-10-26
2024-10-26 20:00:00,"398,66830144320846","652,820007",4,4,2024-10-26
2024-10-26 21:00:00,"350,9569702162313","571,719971",4,4,2024-10-26
2024-10-26 22:00:00,"304,81920334046015","688,119995",4,4,2024-10-26
2024-10-26 23:00:00,"270,2417586216763","626,780029",4,4,2024-10-26
2024-10-27 00:00:00,"226,81440541373584","613,570007",4,4,2024-10-27
2024-10-27 01:00:00,"220,5243730795217","600,140015",4,4,2024-10-27
2024-10-27 02:00:00,"218,13182410840838","592,530029",4,4,2024-10-27
2024-10-27 03:00:00,"218,13182410840838","587,900024",4,4,2024-10-27
2024-10-27 04:00:00,"218,13182410840838","635,289978",4,4,2024-10-27
2024-10-27 05:00:00,"243,45319627689017","665,659973",4,4,2024-10-27
2024-10-27 06:00:00,"268,8393673633187","657,0",4,4,2024-10-27
2024-10-27 07:00:00,"280,08016306261317","629,320007",4,4,2024-10-27
2024-10-27 08:00:00,"279,5349595767725","496,049988",4,4,2024-10-27
2024-10-27 09:00:00,"279,5349595767725","408,299988",4,4,2024-10-27
2024-10-27 10:00:00,"279,8710061604534","317,119995",4,4,2024-10-27
2024-10-27 11:00:00,"274,18020085222594","298,390015",4,4,2024-10-27
2024-10-27 12:00:00,"273,34716496717084","298,470001",4,4,2024-10-27
2024-10-27 13:00:00,"265,2398598306732","480,01001",4,4,2024-10-27
2024-10-27 14:00:00,"272,1362346332844","753,109985",4,4,2024-10-27
2024-10-27 15:00:00,"272,28398754585044","878,97998",4,4,2024-10-27
2024-10-27 16:00:00,"272,0142201053507","1106,569946",4,4,2024-10-27
2024-10-27 17:00:00,"273,4159830146699","1087,23999",4,4,2024-10-27
2024-10-27 18:00:00,"254,89379086778206","973,52002",4,4,2024-10-27
2024-10-27 19:00:00,"234,1463301147649","881,299988",4,4,2024-10-27
2024-10-27 20:00:00,"231,0645798827172","831,159973",4,4,2024-10-27
2024-10-27 21:00:00,"229,539977970247","820,48999",4,4,2024-10-27
2024-10-27 22:00:00,"234,0035534092604","651,109985",4,4,2024-10-27
2024-10-27 23:00:00,"235,19280169133057","713,340027",4,4,2024-10-27
